0 0.9555288461538461 0.2956730769230769 0.06129807692307692 0.12860576923076922
0 0.8329326923076923 0.31971153846153844 0.06610576923076923 0.12740384615384615
0 0.7427884615384616 0.2860576923076923 0.057692307692307696 0.11298076923076923
0 0.6550480769230769 0.29086538461538464 0.054086538461538464 0.11298076923076923
0 0.5673076923076923 0.25 0.05048076923076923 0.10697115384615384
0 0.4411057692307692 0.25841346153846156 0.057692307692307696 0.11658653846153846
0 0.33413461538461536 0.22355769230769232 0.051682692307692304 0.11778846153846154
0 0.2764423076923077 0.18389423076923078 0.04567307692307692 0.11538461538461539
0 0.22956730769230768 0.27403846153846156 0.056490384615384616 0.1310096153846154
0 0.13701923076923078 0.2704326923076923 0.05889423076923077 0.1310096153846154
0 0.03245192307692308 0.25961538461538464 0.055288461538461536 0.13341346153846154