0 0.7728365384615384 0.28846153846153844 0.03245192307692308 0.078125
0 0.9326923076923077 0.2548076923076923 0.046875 0.11057692307692307
0 0.8882211538461539 0.2536057692307692 0.046875 0.11177884615384616
0 0.8161057692307693 0.2283653846153846 0.057692307692307696 0.12259615384615384
0 0.7115384615384616 0.2127403846153846 0.04567307692307692 0.125
0 0.6598557692307693 0.20793269230769232 0.052884615384615384 0.12860576923076922
0 0.5300480769230769 0.14302884615384615 0.06971153846153846 0.15264423076923078
0 0.41947115384615385 0.11658653846153846 0.078125 0.17908653846153846
0 0.37740384615384615 0.30649038461538464 0.04927884615384615 0.10817307692307693
0 0.2692307692307692 0.31850961538461536 0.057692307692307696 0.10336538461538461
0 0.028846153846153848 0.23677884615384615 0.054086538461538464 0.10817307692307693
0 0.13341346153846154 0.09615384615384616 0.08413461538461539 0.17427884615384615