1 0.2980769230769231 0.34134615384615385 0.0829326923076923 0.21634615384615385
1 0.6670673076923077 0.11778846153846154 0.06490384615384616 0.140625
0 0.7415865384615384 0.8076923076923077 0.1971153846153846 0.3713942307692308
0 0.6526442307692307 0.37259615384615385 0.09975961538461539 0.3161057692307692
0 0.9447115384615384 0.39663461538461536 0.09615384615384616 0.24639423076923078
0 0.9158653846153846 0.15384615384615385 0.07572115384615384 0.17548076923076922
0 0.7740384615384616 0.3798076923076923 0.09615384615384616 0.22716346153846154
0 0.5492788461538461 0.36538461538461536 0.14423076923076922 0.359375
0 0.41586538461538464 0.4735576923076923 0.1141826923076923 0.27884615384615385
0 0.2644230769230769 0.5625 0.12980769230769232 0.3317307692307692
0 0.09495192307692307 0.6754807692307693 0.17908653846153846 0.49158653846153844