1 0.19951923076923078 0.30288461538461536 0.07932692307692307 0.19831730769230768
1 0.4699519230769231 0.38341346153846156 0.15625 0.3137019230769231
1 0.4879807692307692 0.057692307692307696 0.051682692307692304 0.109375
1 0.33052884615384615 0.056490384615384616 0.057692307692307696 0.10697115384615384
1 0.6274038461538461 0.18028846153846154 0.06850961538461539 0.15144230769230768
1 0.38822115384615385 0.15865384615384615 0.0829326923076923 0.1778846153846154
1 0.1310096153846154 0.14903846153846154 0.09735576923076923 0.18629807692307693
1 0.12860576923076922 0.7620192307692307 0.09615384615384616 0.1875
0 0.31850961538461536 0.4567307692307692 0.11658653846153846 0.2860576923076923
0 0.5384615384615384 0.09615384615384616 0.06971153846153846 0.15264423076923078
0 0.6730769230769231 0.22235576923076922 0.08413461538461539 0.18389423076923078
0 0.8581730769230769 0.20673076923076922 0.1466346153846154 0.29447115384615385
0 0.7163461538461539 0.6286057692307693 0.15504807692307693 0.36778846153846156