     0/499     1.37G    0.1066   0.03151   0.02757    0.1657       103       416  0.001935    0.2336  0.001029 0.0001886   0.09749   0.02118   0.02629
     1/499     1.39G   0.09958   0.03536   0.02648    0.1614        84       416  0.001546     0.189 0.0006135 8.524e-05   0.09486   0.02151    0.0252
     2/499     1.39G   0.09564     0.036   0.02549    0.1571       129       416  0.001737    0.2234  0.000556 8.244e-05    0.0937   0.02159   0.02424
     3/499     1.39G    0.0945   0.03381   0.02501    0.1533        80       416  0.002372    0.3338  0.001391 0.0001768   0.09306   0.02159   0.02353
     4/499     1.39G   0.09567   0.03688   0.02457    0.1571        92       416  0.002052     0.276  0.001413 0.0002091   0.09292   0.02155   0.02293
     5/499     1.39G   0.09276   0.03532   0.02442    0.1525        88       416  0.001678    0.2103 0.0007875 0.0001307   0.09262   0.02146   0.02244
     6/499     1.39G   0.09316   0.03601   0.02442    0.1536        68       416   0.01996   0.06284  0.003056 0.0005326   0.09322   0.02139   0.02208
     7/499     1.39G   0.09128   0.03583   0.02395    0.1511        94       416   0.01089   0.05263  0.002353 0.0005639   0.09357   0.02123   0.02196
     8/499     1.39G   0.09486   0.03694   0.02309    0.1549        83       416   0.06169   0.02632    0.0053 0.0009829   0.09299   0.02132   0.02144
     9/499     1.39G   0.09177     0.037   0.02316    0.1519        75       416  0.005115    0.0102  0.001325 0.0002376   0.09314   0.02131   0.02079
    10/499     1.39G   0.09184   0.03887   0.02288    0.1536        87       416  0.003889    0.0102  0.001463  0.000255   0.09222   0.02156   0.02072
    11/499     1.39G   0.09037   0.03623   0.02247    0.1491        77       416  0.008435   0.07814   0.00236 0.0004947   0.09248   0.02169   0.02072
    12/499     1.39G   0.08837   0.03969   0.02324    0.1513        62       416  0.009351    0.2854  0.003391 0.0007825   0.09109   0.02237   0.02023
    13/499     1.39G    0.0875   0.03629   0.02207    0.1459        74       416   0.03586    0.2441   0.02873  0.006137   0.08434   0.02348   0.01933
    14/499     1.39G   0.08471   0.03902   0.02221    0.1459        61       416   0.02388    0.1842   0.02294  0.003984   0.08108   0.02427   0.01852
    15/499     1.39G   0.08438     0.037   0.02058     0.142        53       416   0.02104    0.1579   0.01715   0.00253   0.07995   0.02456   0.01824
    16/499     1.39G   0.08361   0.03742   0.02073    0.1418        53       416    0.0528    0.1579   0.03255  0.005335   0.07891   0.02484    0.0163
    17/499     1.39G   0.08206   0.04084   0.02044    0.1433       118       416    0.1175   0.06579   0.04563  0.007753   0.07699   0.02571   0.01555
    18/499     1.39G   0.08153     0.042   0.01916    0.1427        55       416    0.5889    0.1053   0.04493  0.009222   0.07722   0.02649   0.01542
    19/499     1.39G   0.07964   0.03861   0.01996    0.1382        65       416   0.05473    0.1019   0.03264  0.005551   0.07566   0.02629   0.01467
    20/499     1.39G   0.07884   0.03988   0.01839    0.1371        92       416   0.02609    0.1974   0.01956  0.004265   0.08432   0.02307   0.01402
    21/499     1.39G   0.07622   0.03902   0.01937    0.1346        57       416    0.5777    0.1696   0.04618  0.009799    0.0806   0.02634   0.01194
    22/499     1.39G   0.07778   0.03981   0.01984    0.1374        63       416    0.1296    0.1752   0.05358   0.01074   0.08533   0.02443   0.01233
    23/499     1.39G   0.07705   0.04053   0.01762    0.1352        82       416    0.5677   0.06389   0.02804  0.006348   0.07795   0.02531   0.01361
    24/499     1.39G   0.07839   0.04109   0.01725    0.1367        55       416   0.09154    0.2288   0.06229   0.01284   0.07625   0.02468   0.01233
    25/499     1.39G   0.07672   0.04133   0.01666    0.1347        91       416    0.5911    0.1711   0.05815   0.01006   0.07498   0.02491   0.01266
    26/499     1.39G   0.07444   0.04033   0.01771    0.1325        69       416   0.09356    0.3383   0.08575   0.02167   0.07198   0.02493   0.01327
    27/499     1.39G   0.07385   0.04045   0.01758    0.1319        77       416    0.5844    0.2895    0.1078   0.02795   0.07014   0.02544   0.01361
    28/499     1.39G   0.07405   0.04067   0.01714    0.1319        66       416    0.5054     0.228    0.2271   0.04705   0.07691   0.02905   0.01182
    29/499     1.39G   0.07263     0.041   0.01606    0.1297       117       416    0.1103    0.1028   0.03941  0.008194   0.08309   0.02576   0.01695
    30/499     1.39G   0.07268   0.03848   0.01618    0.1273        57       416    0.1774    0.1933   0.06883      0.02   0.08383   0.03729    0.0156
    31/499     1.39G   0.07049   0.03578   0.01493    0.1212        68       416    0.3259    0.3554     0.254   0.06187   0.06787   0.02139   0.01164
    32/499     1.39G   0.06602   0.03468   0.01414    0.1148        92       416    0.4666    0.3549     0.309   0.09733   0.06662    0.0228    0.0112
    33/499     1.39G   0.06992   0.03856   0.01627    0.1247        72       416     0.284    0.3569    0.2242   0.05882    0.0707   0.02277   0.01306
    34/499     1.39G   0.06711   0.03695   0.01644    0.1205        64       416    0.1439    0.2634   0.08084   0.01546   0.08639   0.04085    0.0136
    35/499     1.39G   0.06923   0.03766   0.01477    0.1217        82       416     0.529    0.1173   0.01205  0.003945   0.08379   0.06307    0.0195
    36/499     1.39G   0.06721     0.035   0.01605    0.1183       135       416    0.3191    0.3365    0.2284    0.0654   0.06568   0.02649   0.01175
    37/499     1.39G    0.0649   0.03294   0.01442    0.1123        68       416    0.2242    0.2919    0.1823    0.0482   0.06714   0.02973     0.013
    38/499     1.39G   0.06703   0.03404   0.01473    0.1158        79       416    0.4127     0.364    0.2809   0.09352   0.07423   0.02701   0.01082
    39/499     1.39G   0.06475   0.03553   0.01449    0.1148        86       416    0.1578    0.2546    0.1088   0.02329   0.08418   0.03015   0.01255
    40/499     1.39G   0.06686   0.03787   0.01461    0.1193        58       416    0.3285    0.4364    0.2833   0.07612   0.06974   0.03065   0.01069
    41/499     1.39G   0.06197   0.03445   0.01314    0.1096        68       416    0.5252    0.3891    0.3621    0.1308   0.06134   0.02241  0.009348
    42/499     1.39G   0.06077    0.0314   0.01425    0.1064       115       416    0.5373    0.4689    0.4671    0.1791   0.06087   0.02175   0.01135
    43/499     1.39G   0.06279    0.0354   0.01321    0.1114        59       416    0.5582    0.4731     0.457    0.1431   0.06192   0.02349   0.01137
    44/499     1.39G   0.06233   0.03358   0.01299    0.1089        47       416    0.4609    0.4855    0.3873     0.142   0.06074    0.0221   0.01059
    45/499     1.39G    0.0604    0.0332   0.01283    0.1064       137       416    0.6181    0.5789    0.5596    0.2071   0.05946    0.0215  0.009282
    46/499     1.39G   0.05916   0.03533   0.01246     0.107        82       416    0.6394     0.577    0.5601     0.253   0.05855   0.01859  0.009551
    47/499     1.39G    0.0587   0.03472   0.01367    0.1071        95       416    0.6565    0.5392    0.5403    0.1847   0.06121   0.01778   0.01025
    48/499     1.39G   0.06068   0.03225   0.01065    0.1036        81       416    0.8088    0.5811    0.6481    0.2842   0.05953   0.01673   0.00822
    49/499     1.39G   0.05777   0.02991   0.01166   0.09934        64       416    0.5648    0.4407    0.4639    0.1967   0.05779   0.01964   0.01291
    50/499     1.39G   0.05425   0.03155   0.01065   0.09645        64       416    0.6889    0.6047    0.6384    0.2874   0.05479   0.01842  0.008266
    51/499     1.39G   0.05522   0.03327   0.01156       0.1        52       416     0.704    0.5234    0.5825    0.2474   0.05602   0.02423   0.00769
    52/499     1.39G   0.05481   0.03108   0.01165   0.09755        72       416    0.6354     0.564    0.6005    0.2438   0.05516   0.01919  0.007788
    53/499     1.39G   0.05504   0.03263   0.01085   0.09852       164       416    0.7502    0.5892    0.6477    0.2693    0.0548   0.01756  0.008709
    54/499     1.39G   0.05256   0.03152   0.01066   0.09473        70       416    0.6208    0.5456    0.5319     0.221   0.05467   0.02099  0.009249
    55/499     1.39G   0.05351   0.03044   0.01165    0.0956        61       416    0.7939    0.5983    0.6697    0.2945   0.05271   0.01758  0.008961
    56/499     1.39G   0.05333   0.03184   0.01087   0.09604        59       416    0.7569    0.5737    0.6661    0.3123    0.0525   0.01658  0.008586
    57/499     1.39G   0.05292   0.03292  0.009941   0.09578        66       416    0.8452    0.6387    0.7477    0.3993   0.04935   0.01683  0.009063
    58/499     1.39G    0.0513   0.03067   0.01123    0.0932        53       416      0.53    0.5086    0.4718    0.1828   0.06149   0.01795  0.008724
    59/499     1.39G   0.05215   0.02976   0.01017   0.09208        85       416    0.6964    0.6329    0.6652    0.3096   0.05173    0.0203  0.008512
    60/499     1.39G   0.05483   0.03178  0.009487    0.0961        46       416    0.5836    0.6431    0.5712    0.2689   0.05428   0.01844  0.007743
    61/499     1.39G   0.05117   0.02946  0.009774   0.09041        97       416    0.6409    0.6198    0.6425    0.3154   0.05082   0.01675  0.009385
    62/499     1.39G   0.04943   0.02897  0.009604   0.08801        72       416     0.624    0.6928    0.6717    0.3299    0.0514   0.01613  0.008218
    63/499     1.39G   0.05145   0.02787  0.009909   0.08923        71       416    0.6593    0.6711    0.6577    0.3199   0.05015   0.01487  0.009594
    64/499     1.39G   0.04845   0.02939   0.00895   0.08679        56       416    0.8028    0.6847    0.7363     0.357   0.04922   0.01458  0.007634
    65/499     1.39G   0.04932   0.02603  0.008906   0.08426        51       416    0.7215    0.6818    0.7036    0.3426   0.05241    0.0159  0.008278
    66/499     1.39G   0.04955   0.02994  0.009518   0.08901        83       416    0.7921    0.7052    0.7375    0.3786   0.05035   0.01561  0.006381
    67/499     1.39G    0.0493   0.02753   0.00721   0.08404        61       416    0.8358    0.7052    0.7527     0.397   0.05063   0.01601  0.006697
    68/499     1.39G   0.04759    0.0283  0.008202   0.08409        94       416    0.7432    0.5131    0.6251    0.2918   0.05166   0.02043  0.008202
    69/499     1.39G   0.04777   0.03018  0.009154    0.0871        63       416    0.7944    0.6807    0.7475    0.3841   0.04848   0.01601  0.006272
    70/499     1.39G   0.04971   0.03001  0.008766   0.08849        74       416    0.8389     0.713    0.7816    0.4275   0.04763   0.01371  0.005858
    71/499     1.39G   0.04976   0.02727  0.009137   0.08617        67       416    0.8438    0.7353    0.8076    0.4365   0.04741   0.01336  0.005931
    72/499     1.39G   0.04573   0.02754  0.007482   0.08075        70       416    0.8597    0.5682    0.7529    0.4331    0.0454   0.01379  0.007448
    73/499     1.39G   0.04518   0.02799  0.007948   0.08112        63       416    0.8136    0.7612    0.7962    0.4639   0.04495   0.01417  0.005823
    74/499     1.39G   0.04532   0.02768   0.00775   0.08075        86       416    0.7732    0.7486    0.7837     0.457    0.0461   0.01344  0.006554
    75/499     1.39G    0.0483   0.02746  0.007715   0.08348        62       416     0.736    0.6249    0.6903    0.3171   0.05373   0.01734  0.006643
    76/499     1.39G   0.04712   0.02547  0.006741   0.07934        46       416    0.7408    0.7143     0.783    0.4594   0.04622   0.01465  0.005199
    77/499     1.39G   0.04468    0.0257  0.007173   0.07755        76       416    0.8132    0.6694    0.7312    0.4039   0.04807   0.01357  0.007449
    78/499     1.39G   0.04769   0.02589  0.007723   0.08131        74       416    0.8701    0.6605    0.7707    0.4237   0.04691   0.01443  0.006998
    79/499     1.39G   0.04493   0.02509  0.007555   0.07757        51       416    0.8807    0.6887    0.7526    0.4117   0.04835   0.01508  0.006234
    80/499     1.39G   0.04461    0.0263  0.007495    0.0784        72       416    0.8295    0.7284     0.791    0.4393   0.04853   0.01392  0.007024
    81/499     1.39G   0.04377   0.02618  0.007717   0.07766        89       416    0.7067    0.7586    0.7516    0.4087    0.0525    0.0138   0.01243
    82/499     1.39G    0.0463   0.02753  0.006611   0.08045        73       416    0.8123    0.7518    0.8072    0.4648   0.04552   0.01314  0.006104
    83/499     1.39G   0.04599   0.02604  0.006718   0.07875       119       416    0.8974    0.7365    0.8159    0.4916   0.04586   0.01311  0.004817
    84/499     1.39G   0.04364   0.02524  0.005946   0.07483        68       416    0.8877    0.7396    0.8166    0.4675   0.04583   0.01337  0.004983
    85/499     1.39G   0.04519   0.02729  0.007015    0.0795        62       416    0.8845    0.7284    0.7957    0.4619   0.04531   0.01384  0.004731
    86/499     1.39G   0.04221   0.02482  0.007514   0.07455        93       416    0.7962    0.7395    0.7802    0.4684   0.04399   0.01436  0.008225
    87/499     1.39G   0.04354   0.02621  0.007797   0.07755        73       416    0.8971    0.7382    0.8174     0.461   0.04495   0.01348  0.007805
    88/499     1.39G   0.04359   0.02747  0.006458   0.07752        81       416    0.8671    0.7849    0.8421    0.4913    0.0455   0.01292   0.00484
    89/499     1.39G   0.04202   0.02454  0.006691   0.07325        50       416    0.9468    0.7359    0.8337    0.4977   0.04418   0.01281  0.005313
    90/499     1.39G   0.04359   0.02716  0.006644    0.0774       115       416    0.8775    0.7817    0.8573     0.506   0.04448   0.01255  0.003212
    91/499     1.39G   0.04078   0.02399  0.006678   0.07144        58       416    0.8507    0.7468    0.8317    0.5284     0.044   0.01274  0.004268
    92/499     1.39G   0.04387   0.02549  0.006495   0.07586        59       416    0.9038    0.7476    0.8328    0.4804    0.0459   0.01371  0.003779
    93/499     1.39G   0.04267   0.02559  0.006356   0.07462        87       416    0.8599    0.7695    0.8297    0.4811   0.04423   0.01343  0.004593
    94/499     1.39G   0.04205   0.02524  0.007002   0.07429        61       416     0.936    0.6909    0.8414    0.5078   0.04395   0.01249  0.005326
    95/499     1.39G   0.04094   0.02559  0.006105   0.07263        82       416    0.8726    0.7943    0.8357    0.5068   0.04362     0.013  0.006235
    96/499     1.39G   0.04211   0.02378  0.005827   0.07172        57       416    0.9052    0.7022    0.8229    0.4837   0.04324     0.013  0.004891
    97/499     1.39G   0.03883   0.02295   0.00702   0.06881        72       416    0.8439    0.7854    0.8218    0.5165   0.04225   0.01284  0.004621
    98/499     1.39G     0.042   0.02418  0.005807   0.07198        62       416    0.8206    0.7965    0.7972    0.4798   0.04481   0.01283  0.005102
    99/499     1.39G   0.04067   0.02547  0.005301   0.07144       128       416    0.9184    0.7495    0.8421    0.5074   0.04405   0.01189  0.004933
   100/499     1.39G   0.04227   0.02406  0.006695   0.07302        49       416    0.8542    0.7859    0.8591    0.5162   0.04449   0.01194  0.004647
   101/499     1.39G   0.04146   0.02465  0.005358   0.07147        84       416    0.8816    0.6788    0.7931    0.4632    0.0447   0.01283  0.007088
   102/499     1.39G   0.04183   0.02478  0.005702   0.07231        54       416    0.7891    0.7111    0.7871    0.4535   0.04658   0.01316  0.005324
   103/499     1.39G   0.03917   0.02418  0.006595   0.06994        48       416    0.7659    0.7876    0.8126    0.4893   0.04382   0.01248  0.006047
   104/499     1.39G   0.04031   0.02473  0.005339   0.07038        68       416    0.8495    0.7527    0.8247    0.4889   0.04455   0.01274  0.006953
   105/499     1.39G    0.0399   0.02396  0.005865   0.06972        55       416    0.8438     0.737    0.8256    0.4876   0.04567   0.01317  0.004008
   106/499     1.39G   0.03995    0.0247  0.006269   0.07092        75       416    0.8224    0.8002    0.8305    0.4991   0.04371   0.01242  0.003788
   107/499     1.39G   0.03809   0.02168  0.005991   0.06577        73       416    0.8471    0.7355    0.8142    0.4603   0.04426   0.01284  0.006705
   108/499     1.39G   0.04001    0.0257  0.005366   0.07108        62       416    0.8846    0.7132       0.8    0.4845   0.04431   0.01294  0.006215
   109/499     1.39G   0.03829   0.02376  0.005299   0.06735        79       416    0.8505    0.7815    0.8395    0.4871   0.04317   0.01249  0.004316
   110/499     1.39G    0.0396   0.02313  0.006228   0.06895        86       416    0.8289    0.8147    0.8435    0.5245   0.04351   0.01192  0.003932
   111/499     1.39G   0.03954    0.0238  0.004755    0.0681        78       416    0.8773    0.7576    0.8385    0.5096   0.04367   0.01194  0.005141
   112/499     1.39G   0.04244   0.02302  0.005056   0.07051        49       416    0.8637    0.7928    0.8426    0.5349   0.04388   0.01176  0.005242
   113/499     1.39G   0.04006   0.02297  0.005734   0.06876        80       416    0.9089    0.7666      0.85    0.4967   0.04504   0.01172  0.007097
   114/499     1.39G   0.03858   0.02373  0.005268   0.06759        70       416    0.8497    0.8317    0.8184    0.4956   0.04349   0.01271  0.004903
   115/499     1.39G   0.03893   0.02349  0.005951   0.06837        74       416    0.8173    0.8422    0.8426     0.511   0.04291   0.01217  0.006662
   116/499     1.39G   0.03895   0.02494  0.005614    0.0695       160       416     0.828    0.8118     0.848    0.5227   0.04337    0.0117  0.004951
   117/499     1.39G   0.03738   0.02085  0.005298   0.06353        91       416    0.8821    0.7915    0.8628    0.5122   0.04246   0.01183  0.003157
   118/499     1.39G   0.03769   0.02241  0.005188   0.06529       190       416    0.8814    0.6883     0.794    0.4703   0.04351   0.01204  0.006949
   119/499     1.39G   0.04017   0.02464  0.004936   0.06974        63       416    0.8619     0.756    0.8354    0.5008   0.04244     0.012  0.005314
   120/499     1.39G   0.03893   0.02352  0.005394   0.06784        61       416    0.8877     0.791     0.863    0.5063   0.04317   0.01193  0.004699
   121/499     1.39G   0.03777   0.02203  0.005619   0.06542        78       416    0.8596    0.8041    0.8592    0.5245   0.04282    0.0125  0.004423
   122/499     1.39G   0.03715   0.02365  0.004858   0.06566        78       416    0.8094    0.8409    0.8534    0.5288   0.04184   0.01234  0.005728
   123/499     1.39G    0.0368   0.02333   0.00486   0.06499        65       416    0.8404    0.7791    0.8431    0.4944   0.04324   0.01219  0.006078
   124/499     1.39G   0.03819   0.02289  0.005459   0.06653       116       416    0.9396    0.7017     0.842    0.5199   0.04277   0.01171   0.00729
   125/499     1.39G   0.03891   0.02397  0.004784   0.06766        97       416    0.8557    0.7626    0.8455    0.5192   0.04296   0.01223  0.006407
   126/499     1.39G   0.03718   0.02529  0.005008   0.06748        73       416    0.8387    0.8123    0.8496    0.5097   0.04296   0.01277  0.003325
   127/499     1.39G   0.03651   0.02153  0.005048   0.06309        83       416    0.8396    0.7755      0.83    0.4584    0.0449   0.01188  0.005005
   128/499     1.39G    0.0379   0.02197  0.005232   0.06511        70       416    0.9341     0.768    0.8705    0.5566   0.04211   0.01164  0.003089
   129/499     1.39G   0.03861   0.02263  0.004914   0.06615        71       416    0.8854    0.7862    0.8519     0.531   0.04307   0.01153  0.004445
   130/499     1.39G   0.03616   0.02259   0.00438   0.06313        62       416    0.8572    0.8085    0.8559    0.5485    0.0419   0.01169  0.003263
   131/499     1.39G   0.03799    0.0219  0.004248   0.06413        84       416    0.8443    0.8461     0.864    0.5284   0.04229   0.01184  0.004728
   132/499     1.39G   0.03747   0.02415  0.005047   0.06667        65       416     0.822     0.822    0.8362    0.5003   0.04282    0.0121  0.004509
   133/499     1.39G   0.03917   0.02385  0.005035   0.06806        58       416    0.8561    0.7912    0.8645    0.5285   0.04263   0.01204  0.002212
   134/499     1.39G   0.03749   0.02188   0.00506   0.06443        90       416    0.8139    0.7701    0.8351    0.5098    0.0412   0.01192  0.004078
   135/499     1.39G   0.03578   0.02064  0.004167   0.06059        90       416    0.7995    0.7782    0.8315    0.5138   0.04251   0.01237  0.005174
   136/499     1.39G   0.03747   0.02222   0.00474   0.06443        58       416    0.8263    0.8228    0.8351    0.5266    0.0421   0.01231  0.003954
   137/499     1.39G   0.03564   0.02154  0.004449   0.06163        63       416    0.9198    0.7424     0.861    0.5503   0.04175   0.01206  0.005892
   138/499     1.39G   0.03712   0.02144  0.005475   0.06404        46       416    0.7457    0.8309    0.8204    0.5052   0.04334   0.01239  0.007629
   139/499     1.39G   0.03715   0.02111  0.004629   0.06289        88       416    0.8884    0.7394    0.8431    0.5094   0.04305   0.01194  0.006686
   140/499     1.39G   0.03676   0.02231  0.005457   0.06452        68       416    0.8116    0.7132    0.7847    0.4953   0.04137   0.01193  0.008405
   141/499     1.39G   0.03716   0.02413  0.004369   0.06565        74       416    0.8591    0.7912    0.8521     0.518   0.04179   0.01191  0.008034
   142/499     1.39G   0.03546   0.02147  0.004508   0.06144        78       416    0.9218    0.7292     0.854     0.528   0.04193    0.0118  0.003788
   143/499     1.39G   0.03776   0.02033  0.004066   0.06216        89       416    0.8224    0.8238    0.8636    0.5464    0.0407   0.01143  0.004359
   144/499     1.39G   0.03675    0.0228  0.005011   0.06456        97       416      0.89    0.7021    0.8463    0.5131   0.04258    0.0123   0.00443
   145/499     1.39G   0.03818    0.0231   0.00414   0.06542       107       416     0.806    0.7691    0.8242     0.528   0.04166   0.01184  0.005249
   146/499     1.39G    0.0375   0.02336  0.004962   0.06582        78       416     0.836    0.7914    0.8422    0.5072   0.04164   0.01204  0.006704
   147/499     1.39G    0.0367   0.02009  0.003609    0.0604        50       416    0.8416     0.794      0.83    0.4822   0.04508   0.01281  0.003323
   148/499     1.39G   0.03599   0.02069   0.00496   0.06164        61       416    0.8264    0.7986     0.851    0.5262   0.04204   0.01188  0.004251
   149/499     1.39G   0.03559   0.02177  0.004153   0.06151        65       416    0.9307    0.7863    0.8646    0.5548   0.04109   0.01131  0.004247
   150/499     1.39G   0.03428   0.02015   0.00458     0.059        66       416    0.8829    0.8124    0.8771    0.5415   0.04107   0.01144  0.003799
   151/499     1.39G   0.03338   0.01951  0.003689   0.05658        74       416    0.9238      0.81    0.8794    0.5495   0.04155   0.01162  0.005813
   152/499     1.39G   0.03586   0.02055  0.004315   0.06073        53       416    0.9436    0.7666    0.8739    0.5094   0.04247   0.01147  0.006299
   153/499     1.39G   0.03578   0.02086  0.004994   0.06163        61       416    0.8905    0.8428    0.8882    0.5495   0.04098   0.01149  0.004944
   154/499     1.39G   0.03492   0.02292  0.004287   0.06213        84       416    0.8399      0.77    0.8563    0.5314   0.04118   0.01203  0.004694
   155/499     1.39G   0.03488   0.02045  0.004266    0.0596        75       416    0.9114    0.8047    0.8709    0.5174   0.04086   0.01187   0.00343
   156/499     1.39G   0.03462   0.02012  0.004335   0.05907        68       416    0.9269    0.7862    0.8753    0.5417   0.04016   0.01148  0.004335
   157/499     1.39G   0.03569   0.02168  0.003863   0.06123        95       416    0.9266    0.7885    0.8702    0.5482   0.04088   0.01162  0.003915
   158/499     1.39G   0.03396   0.02014  0.004896     0.059        99       416    0.9141    0.8078    0.8847    0.5459   0.04011   0.01165  0.005387
   159/499     1.39G   0.03532   0.02098  0.004155   0.06045        70       416    0.8234    0.8086    0.8658    0.5308   0.04133   0.01171  0.004551
   160/499     1.39G   0.03529   0.02235  0.003933   0.06157        77       416    0.9249     0.768    0.8707    0.5263   0.04124   0.01214  0.003085
   161/499     1.39G   0.03538   0.02197  0.003978   0.06133        76       416     0.877    0.8094    0.8741    0.5059   0.04173   0.01192  0.003894
   162/499     1.39G   0.03417    0.0204  0.004151   0.05872        73       416    0.8387    0.7853    0.8467    0.5182   0.04098    0.0119  0.006092
   163/499     1.39G    0.0357   0.02221     0.004    0.0619        88       416    0.8808    0.8381    0.8818    0.5442   0.04061   0.01176  0.004523
   164/499     1.39G    0.0328   0.01949  0.004138   0.05643        90       416    0.8894    0.7912    0.8591     0.545   0.04097   0.01171  0.007118
   165/499     1.39G   0.03321   0.02003   0.00398   0.05722        63       416    0.8717    0.8351    0.8756     0.537   0.04049   0.01163  0.003381
   166/499     1.39G   0.03497   0.02194  0.005112   0.06202        87       416    0.8981     0.786    0.8642    0.5038   0.04085   0.01168  0.005934
   167/499     1.39G   0.03293   0.02087   0.00411   0.05791        88       416    0.9104    0.7908    0.8661    0.5486    0.0397   0.01143  0.004103
   168/499     1.39G   0.03425   0.01919  0.003891   0.05733        83       416    0.9133     0.776    0.8789    0.5636   0.04039   0.01152  0.004767
   169/499     1.39G   0.03396   0.02062  0.003479   0.05805        76       416     0.824    0.8432    0.8813    0.5292   0.04022   0.01212  0.004841
   170/499     1.39G   0.03366   0.02082  0.003237   0.05771        92       416    0.8832    0.8055    0.8638    0.5081   0.04167   0.01173  0.005826
   171/499     1.39G   0.03615   0.02174  0.003738   0.06162        60       416    0.9017    0.8227     0.886    0.5442   0.04088   0.01182  0.004482
   172/499     1.39G   0.03488    0.0211   0.00348   0.05946        81       416    0.8681    0.8636    0.8969    0.5483   0.04005   0.01138  0.003318
   173/499     1.39G   0.03397   0.01931  0.003729   0.05701        44       416     0.913    0.8014    0.8893    0.5447   0.04042   0.01122  0.003375
   174/499     1.39G   0.03429   0.02026   0.00444   0.05898        56       416    0.8925    0.8327    0.8688    0.5231   0.04133   0.01135  0.002417
   175/499     1.39G   0.03405    0.0221  0.003478   0.05963        78       416    0.8753    0.8282    0.8776     0.555   0.04048   0.01109  0.004403
   176/499     1.39G   0.03364   0.02125  0.004168   0.05905        62       416    0.8918    0.7811    0.8747    0.5276   0.04027   0.01131  0.005322
   177/499     1.39G   0.03335    0.0217  0.003785   0.05884        68       416    0.9137    0.7862    0.8681    0.5469   0.04038   0.01135  0.005098
   178/499     1.39G   0.03457   0.02116  0.004525   0.06026       137       416    0.9103    0.8071     0.875    0.5206   0.04192   0.01126  0.005367
   179/499     1.39G   0.03205   0.01923  0.003418    0.0547        50       416    0.9095     0.814    0.8814    0.5342   0.04079   0.01114  0.006146
   180/499     1.39G   0.03465   0.02008  0.003462   0.05819        56       416    0.8776    0.8066    0.8785    0.5564   0.04021   0.01128  0.003248
   181/499     1.39G    0.0351   0.02099  0.003812    0.0599        81       416    0.8993    0.8381    0.8793    0.5502   0.04132   0.01185  0.005197
   182/499     1.39G    0.0334    0.0195  0.003694   0.05659        70       416    0.9189    0.8067    0.8937     0.534   0.04197   0.01157  0.003941
   183/499     1.39G   0.03366   0.01983  0.003469   0.05696        78       416    0.8885    0.7949    0.8605    0.5256   0.04106    0.0117  0.005796
   184/499     1.39G   0.03409   0.01963  0.004157   0.05788        79       416    0.8192    0.8453    0.8712    0.5341   0.04082   0.01206  0.003562
   185/499     1.39G   0.03433   0.01934  0.003074   0.05675        88       416    0.9243    0.7983    0.8942    0.5586   0.04136   0.01187  0.003607
   186/499     1.39G   0.03288    0.0211  0.003441   0.05743        94       416    0.9053    0.7738    0.8961     0.551   0.04005   0.01138   0.00496
   187/499     1.39G    0.0342   0.02275     0.004   0.06094        94       416    0.9157    0.8067    0.8857    0.5552   0.04032   0.01142  0.005002
   188/499     1.39G   0.03171   0.01969  0.003634   0.05504        86       416    0.9009    0.8432    0.8818    0.5454   0.04025    0.0112  0.002481
   189/499     1.39G   0.03268   0.01851  0.003922   0.05511        36       416    0.9106    0.8091    0.8738    0.5494   0.03983    0.0112  0.003199
   190/499     1.39G   0.03365   0.02051  0.003639    0.0578        71       416    0.8327    0.8288    0.8713    0.5345   0.03996   0.01152  0.006425
   191/499     1.39G   0.03188    0.0199  0.003251   0.05504        56       416     0.843    0.7831    0.8546    0.5278   0.04054   0.01199  0.004917
   192/499     1.39G   0.03172   0.01956  0.003677   0.05496        83       416    0.8734    0.7695    0.8541    0.5465   0.04103     0.012  0.002469
   193/499     1.39G   0.03181   0.02106  0.003461   0.05633        63       416    0.8962    0.7783    0.8544    0.5581   0.03976   0.01169  0.002483
   194/499     1.39G   0.03145    0.0189  0.003329   0.05368        53       416    0.9203    0.8321      0.89    0.5313   0.04245   0.01172  0.003116
   195/499     1.39G    0.0327   0.02053  0.003735   0.05696        99       416    0.9344    0.8175    0.8918    0.5622   0.04057   0.01144   0.00362
   196/499     1.39G   0.03277    0.0211  0.003342   0.05721        68       416     0.939    0.8071    0.8963    0.5566   0.04066   0.01121  0.003235
   197/499     1.39G   0.02993   0.01824  0.002896   0.05106        63       416    0.9446    0.7635    0.8733    0.5336   0.03963   0.01126  0.005858
   198/499     1.39G   0.03249   0.02075  0.003962    0.0572       105       416     0.895     0.838    0.8842    0.5555   0.03962   0.01094  0.003822
   199/499     1.39G   0.03082   0.01919  0.003874   0.05388        83       416     0.899    0.7782    0.8589    0.5288   0.04059   0.01128  0.005096
   200/499     1.39G   0.03296   0.02108  0.003252   0.05729        63       416    0.8915    0.7519    0.8657    0.5551   0.04045   0.01131  0.004274
   201/499     1.39G   0.03139   0.01877  0.003365   0.05353        84       416    0.8717    0.8014    0.8714    0.5665   0.04068   0.01126  0.004412
   202/499     1.39G    0.0319   0.01896  0.003109   0.05396       103       416    0.8559    0.8323    0.8681     0.541   0.04187   0.01227  0.003918
   203/499     1.39G   0.03123   0.01987  0.003879   0.05498        95       416    0.8325    0.7744    0.8312    0.5151   0.04215   0.01247  0.003472
   204/499     1.39G   0.03293   0.01971  0.003425   0.05607        59       416    0.8598    0.7803    0.8537    0.5149     0.041   0.01173  0.004802
   205/499     1.39G   0.03128   0.01942  0.003646   0.05434        73       416    0.8821    0.7986    0.8565    0.5279   0.04139   0.01217  0.005248
   206/499     1.39G   0.03201   0.02036    0.0035   0.05587       162       416    0.9162    0.7899    0.8412    0.5271   0.04077   0.01213  0.005831
   207/499     1.39G   0.03185   0.01934  0.003488   0.05467        81       416    0.9176    0.7831    0.8582    0.5149   0.04123   0.01162  0.005402
   208/499     1.39G   0.03297   0.01905  0.003422   0.05543        85       416    0.9414    0.7313      0.86    0.5183   0.04166   0.01208  0.005515
   209/499     1.39G   0.03244   0.02028  0.003363   0.05608        83       416    0.8989    0.7497    0.8579    0.5333   0.04216   0.01175  0.004714
   210/499     1.39G   0.03181   0.01839  0.003411   0.05361        72       416    0.9034    0.8169    0.8782     0.554   0.04105   0.01143  0.005312
   211/499     1.39G   0.03226   0.02028  0.003663    0.0562        61       416    0.8754    0.7884    0.8586    0.5278   0.04076   0.01151  0.006315
   212/499     1.39G   0.03155   0.01807   0.00371   0.05333        54       416    0.8741    0.7723    0.8388    0.5198   0.04232   0.01178  0.004132
   213/499     1.39G   0.03057   0.01813  0.003149   0.05185        86       416    0.8897    0.7756    0.8529    0.5425   0.04097   0.01186  0.004757
   214/499     1.39G   0.03113    0.0199  0.003321   0.05434        76       416    0.8341    0.7816    0.8618    0.5453   0.04021    0.0119  0.003613
   215/499     1.39G   0.03038   0.01739  0.003445   0.05122        46       416    0.8728     0.806    0.8736    0.5418   0.04007   0.01138  0.004146
   216/499     1.39G   0.03119    0.0185   0.00329   0.05298        80       416     0.902    0.7663    0.8575    0.5297   0.04023   0.01185  0.005391
   217/499     1.39G     0.031   0.02025  0.003076   0.05433        95       416    0.9028    0.7578    0.8541    0.5316   0.04013   0.01203  0.004577
   218/499     1.39G   0.03039   0.01782  0.003074   0.05128        76       416    0.8688    0.7813    0.8619      0.53   0.04023   0.01197  0.006141
   219/499     1.39G   0.03108   0.01928  0.003935   0.05429        92       416    0.9524    0.7162    0.8485    0.5245   0.04078   0.01179  0.005853
   220/499     1.39G   0.03182   0.02002  0.003471   0.05531       123       416    0.8567      0.81    0.8641    0.5328   0.04039   0.01175  0.005627
   221/499     1.39G   0.03146   0.01871  0.003368   0.05354        59       416    0.8671    0.7854    0.8505    0.5353   0.04009   0.01161   0.00582
   222/499     1.39G    0.0318   0.01935  0.003482   0.05463        90       416    0.8596    0.8294    0.8613    0.5354   0.04004   0.01169  0.005712
   223/499     1.39G   0.03249   0.02219  0.003553   0.05823        92       416    0.9128     0.727    0.8425    0.5524   0.03915   0.01145  0.006362
   224/499     1.39G   0.03151   0.01957  0.003038   0.05411        40       416    0.8753    0.8142    0.8636    0.5561   0.03987   0.01166  0.006769
   225/499     1.39G   0.03031   0.01875   0.00308   0.05214        80       416    0.8863     0.819    0.8781    0.5349   0.04064   0.01178  0.006227
   226/499     1.39G   0.03158   0.02056   0.00303   0.05517        79       416    0.8909    0.7701    0.8578     0.547   0.03986   0.01199  0.004515
   227/499     1.39G   0.02979   0.01905   0.00291   0.05175        72       416    0.9229    0.7546    0.8552    0.5459   0.03922    0.0117  0.006619
   228/499     1.39G    0.0308   0.01773   0.00325   0.05177        75       416    0.8825    0.8402    0.8671     0.547   0.03935   0.01177  0.004545
   229/499     1.39G   0.03016   0.01798  0.002894   0.05104        63       416    0.9197    0.8059    0.8747    0.5183    0.0401   0.01182  0.005915
   230/499     1.39G   0.02988    0.0187  0.002948   0.05153        76       416    0.8708    0.7803     0.852    0.5422   0.03968   0.01169  0.004967
   231/499     1.39G   0.02916   0.01965  0.003222   0.05204        84       416    0.9241    0.7796    0.8755    0.5489   0.03993   0.01191  0.007082
   232/499     1.39G    0.0302   0.01833  0.003226   0.05176        48       416    0.9034    0.7954    0.8708    0.5445   0.04025   0.01184  0.005189
   233/499     1.39G   0.02946   0.01781  0.002743   0.05001        57       416    0.9244    0.8169    0.8896    0.5691   0.03997   0.01169   0.00414
   234/499     1.39G   0.03028   0.01882  0.003122   0.05222        60       416    0.8856    0.8299    0.8815    0.5707   0.03941   0.01186  0.005461
   235/499     1.39G   0.03008   0.01842  0.002768   0.05127        82       416    0.9357    0.7909    0.8867    0.5503   0.03963   0.01134  0.004257
   236/499     1.39G   0.03105   0.01795  0.003152   0.05215        55       416    0.8897     0.833    0.8917    0.5796   0.03967   0.01115  0.004997
   237/499     1.39G   0.02989   0.01884   0.00357    0.0523        89       416     0.933    0.7597    0.8785     0.552   0.04016   0.01149  0.006367
   238/499     1.39G   0.03113   0.02008  0.003245   0.05446        83       416    0.9218    0.7752    0.8718    0.5699   0.03966   0.01175  0.005649
   239/499     1.39G   0.03016   0.01773  0.003378   0.05127        65       416    0.9136    0.8011    0.8709     0.569   0.03978   0.01186  0.005809
   240/499     1.39G   0.02861   0.01824  0.003526   0.05037       127       416    0.8705    0.8088    0.8883    0.5762   0.04005   0.01142  0.005133
   241/499     1.39G   0.02986    0.0183  0.003989   0.05214       121       416    0.8778    0.8004    0.8791    0.5434    0.0409   0.01147  0.005462
   242/499     1.39G   0.03018   0.01919   0.00299   0.05237        81       416    0.8715    0.8606    0.9041    0.5404   0.04045   0.01137  0.002599
   243/499     1.39G   0.03064   0.02016  0.002811   0.05361        84       416    0.9184    0.7862    0.8868    0.5275   0.04185   0.01192  0.002442
   244/499     1.39G   0.03053   0.01842  0.003216   0.05216        72       416    0.9097    0.8016    0.8846    0.5505    0.0405   0.01182  0.003259
   245/499     1.39G   0.02921   0.01917  0.002932   0.05131        63       416    0.9057    0.8198     0.891    0.5683   0.03888   0.01151  0.003485
   246/499     1.39G   0.03076   0.01985  0.002559   0.05316        83       416    0.8988    0.8298    0.8939    0.5537    0.0395   0.01178  0.003892
   247/499     1.39G   0.02927   0.01842  0.002572   0.05026        68       416    0.9261    0.8117    0.8879     0.552   0.04003   0.01194  0.005395
   248/499     1.39G   0.02896   0.01985  0.002703   0.05151       105       416     0.931    0.7994    0.8905    0.5597   0.03958   0.01192  0.005101
   249/499     1.39G   0.02924   0.01816  0.002606   0.05001        63       416    0.9158    0.8614    0.9111     0.589    0.0393   0.01116  0.004356
   250/499     1.39G   0.02918   0.01904   0.00254   0.05076        80       416    0.9397    0.8148    0.9064    0.5757   0.03921   0.01122  0.005197
   251/499     1.39G   0.02719    0.0166  0.002975   0.04677        89       416    0.8765    0.8432    0.8945    0.5833   0.03927   0.01111  0.005556
   252/499     1.39G   0.03006   0.01836  0.002893   0.05131        82       416    0.9109    0.7994    0.8865    0.5845   0.03861   0.01088  0.005361
   253/499     1.39G   0.03038   0.01913  0.002667   0.05217        72       416    0.9022    0.8088    0.8911    0.5621   0.03985   0.01119  0.005167
   254/499     1.39G   0.03004   0.01829   0.00296    0.0513        69       416    0.9372     0.765    0.8997    0.5493   0.03989   0.01145  0.003905
   255/499     1.39G   0.02882   0.01793  0.002442   0.04919        70       416    0.8468    0.8168    0.8796     0.544   0.04051   0.01215  0.004857
   256/499     1.39G   0.02825   0.01782  0.002703   0.04878        81       416    0.8657    0.8218    0.8859    0.5438   0.03998   0.01193  0.004658
   257/499     1.39G    0.0301   0.01792  0.003336   0.05136        82       416    0.9245    0.7686     0.884    0.5509   0.04079   0.01175  0.003578
   258/499     1.39G   0.02884   0.01755   0.00274   0.04913        70       416    0.8336    0.8665    0.8793    0.5522   0.03929   0.01149  0.004423
   259/499     1.39G   0.02886   0.01903  0.003185   0.05107        51       416    0.9134    0.8247    0.8972     0.543   0.03985    0.0117  0.004218
   260/499     1.39G   0.03249   0.02025  0.003189   0.05592        62       416     0.905    0.7994    0.8803    0.5332   0.04029   0.01171  0.004118
   261/499     1.39G   0.02947   0.01929  0.002885   0.05165        88       416    0.9165    0.8251    0.8864    0.5357   0.04005    0.0116  0.004456
   262/499     1.39G   0.02779   0.01711  0.002817   0.04772        66       416    0.8788    0.8077    0.8859    0.5499   0.03922    0.0119  0.005525
   263/499     1.39G   0.02775   0.01722  0.003038     0.048        64       416    0.9138    0.7867    0.8893    0.5422   0.03983   0.01209  0.004866
   264/499     1.39G   0.03077   0.01917  0.002921   0.05287        60       416    0.8774    0.8037    0.8771    0.5432   0.03951   0.01216  0.003459
   265/499     1.39G   0.02853   0.01748  0.002779   0.04878       112       416     0.913     0.783    0.8657    0.5434   0.03949   0.01234  0.003241
   266/499     1.39G   0.02993   0.01872  0.002751    0.0514        53       416    0.9271    0.7756    0.8878    0.5416   0.03916   0.01187  0.002713
   267/499     1.39G   0.03017   0.01899  0.003373   0.05254       223       416    0.7924    0.8913    0.8845     0.557   0.03863   0.01184  0.003127
   268/499     1.39G   0.02844   0.01664  0.002612   0.04769        73       416     0.879    0.8198    0.8814    0.5301   0.03982   0.01191  0.005006
   269/499     1.39G   0.02871   0.01743  0.002798   0.04893        75       416    0.9146    0.8198     0.894    0.5541   0.03963   0.01158  0.003635
   270/499     1.39G   0.02746   0.01676  0.002465   0.04669        71       416    0.8435    0.8555     0.886    0.5583   0.03944   0.01201  0.002237
   271/499     1.39G   0.02749   0.01658  0.002811   0.04688        75       416    0.8242    0.8402    0.8795     0.562   0.03874   0.01213   0.00218
   272/499     1.39G   0.02871   0.01723  0.002799   0.04875        52       416    0.9243    0.8003    0.8952    0.5761   0.03886   0.01165   0.00278
   273/499     1.39G   0.02837   0.01746  0.002163     0.048        56       416    0.8575    0.8351    0.8809    0.5601   0.03906   0.01184   0.00317
   274/499     1.39G   0.02801   0.01834  0.002721   0.04907        71       416    0.8634    0.8499    0.8971    0.5501   0.03867   0.01153  0.002434
   275/499     1.39G   0.02864   0.01864  0.002987   0.05027        78       416    0.8955    0.8196    0.9037    0.5826   0.03797   0.01141  0.002414
   276/499     1.39G   0.02868   0.01689  0.002388   0.04797        93       416    0.9069    0.8249    0.8983    0.5715   0.03853   0.01149  0.002391
   277/499     1.39G    0.0291   0.01633  0.003325   0.04875        55       416    0.9038    0.8271    0.8969    0.5705   0.03801   0.01096  0.003764
   278/499     1.39G   0.02784   0.01737  0.003018   0.04823        78       416    0.9353    0.7965     0.893    0.5701   0.03868    0.0112  0.004811
   279/499     1.39G   0.02747   0.01721  0.002586   0.04727       142       416    0.8718    0.8206    0.8826     0.552   0.03896   0.01142  0.006506
   280/499     1.39G   0.02896   0.01734  0.002581   0.04888        72       416    0.9199    0.7986    0.8941    0.5524   0.03906   0.01133  0.005646
   281/499     1.39G   0.02858   0.01767  0.002793   0.04905        98       416    0.9027    0.8453    0.9058    0.5731   0.03842   0.01135  0.002859
   282/499     1.39G   0.02793   0.01746  0.002643   0.04804        46       416    0.9106    0.8398    0.8977    0.5686   0.03842   0.01127  0.003245
   283/499     1.39G   0.02851   0.01851  0.002494   0.04952       202       416      0.91    0.8369    0.8907    0.5483   0.03944   0.01174  0.003239
   284/499     1.39G   0.02824     0.017  0.002547   0.04778        65       416    0.9169    0.8209    0.8746    0.5355   0.03927    0.0118  0.003747
   285/499     1.39G   0.02837   0.01855  0.003519   0.05043        56       416    0.9199      0.83    0.8921    0.5417    0.0399   0.01196  0.004783
   286/499     1.39G   0.02761   0.01755  0.002856   0.04802        82       416    0.9114    0.8304    0.8958    0.5564   0.03917   0.01164  0.004617
   287/499     1.39G   0.02777    0.0189  0.002168   0.04884        89       416    0.9707    0.7578    0.8928    0.5653   0.03882   0.01173  0.003411
   288/499     1.39G   0.02833   0.01689   0.00265   0.04787        54       416    0.8471    0.8373    0.8849    0.5681   0.03917   0.01202  0.004013
   289/499     1.39G   0.02792   0.01857  0.002461   0.04895        72       416    0.9213    0.7832    0.8922    0.5617   0.03922    0.0118  0.003839
   290/499     1.39G   0.02714    0.0172  0.002839   0.04718        81       416    0.8585    0.8184    0.8936     0.565   0.03935   0.01184  0.003574
   291/499     1.39G   0.02674   0.01753  0.002463   0.04673        49       416    0.9567     0.776    0.8921    0.5635   0.03939   0.01173  0.003969
   292/499     1.39G   0.02719   0.01759  0.002516    0.0473       102       416    0.8881    0.8547    0.8943    0.5666   0.03972   0.01192  0.002509
   293/499     1.39G   0.02614    0.0156  0.002272   0.04401        72       416    0.8813    0.8657    0.9076    0.5757   0.03933   0.01127  0.002305
   294/499     1.39G   0.02695   0.01666  0.002675   0.04629        68       416    0.9294    0.8351    0.8924    0.5684   0.03901   0.01127  0.003513
   295/499     1.39G   0.02719    0.0174  0.002425   0.04702        88       416    0.9138    0.8335    0.9033    0.5593   0.03885   0.01162  0.004859
   296/499     1.39G   0.02536   0.01522  0.002301   0.04289        33       416    0.8456    0.8918    0.9012    0.5809    0.0387   0.01169  0.004311
   297/499     1.39G    0.0267   0.01685  0.002737   0.04629        58       416    0.8715    0.8728    0.8976    0.5775   0.03889   0.01148   0.00364
   298/499     1.39G   0.02743   0.01761   0.00267   0.04771        99       416    0.8797    0.8066     0.888     0.546   0.03917   0.01146  0.004196
   299/499     1.39G   0.02684   0.01671  0.002459     0.046       174       416    0.9144    0.8118    0.8965    0.5536   0.03904   0.01154  0.003322
   300/499     1.39G   0.02627   0.01656  0.002088   0.04492        67       416     0.921    0.8232    0.8992      0.57   0.03886   0.01156  0.003041
   301/499     1.39G   0.02595   0.01423  0.002865   0.04305        66       416    0.9199    0.8115    0.8923     0.571   0.03869   0.01163  0.003889
   302/499     1.39G   0.02629   0.01616  0.002441   0.04489        74       416    0.9313    0.8238    0.9016     0.567   0.03893    0.0115   0.00289
   303/499     1.39G   0.02717   0.01646  0.002451   0.04608        54       416    0.9403    0.7928    0.8924    0.5833   0.03886   0.01137  0.002941
   304/499     1.39G   0.02544   0.01617  0.002304   0.04391        60       416    0.8813      0.84    0.8878    0.5705   0.03918   0.01145  0.003233
   305/499     1.39G   0.02704   0.01596  0.002307    0.0453        85       416    0.9463    0.7831    0.9013    0.5636   0.03983    0.0114  0.002443
   306/499     1.39G   0.02695   0.01659  0.001931   0.04547        63       416    0.8989    0.8321    0.9022    0.5767   0.04004   0.01166  0.001802
   307/499     1.39G   0.02917   0.01721  0.002093   0.04847       153       416    0.8364    0.8616    0.8961    0.5675   0.04012   0.01184  0.002369
   308/499     1.39G   0.02664    0.0171  0.002491   0.04623        70       416    0.8974     0.822    0.9026    0.5539   0.04026   0.01207  0.002711
   309/499     1.39G   0.02918   0.01963  0.002761   0.05157        82       416    0.9083    0.8554    0.9139    0.5678   0.04006   0.01189  0.002561
   310/499     1.39G   0.02594   0.01638  0.002238   0.04456       144       416    0.8418     0.896    0.9051    0.5662   0.03897   0.01149  0.002534
   311/499     1.39G   0.02654   0.01747  0.002061   0.04606       175       416    0.8623    0.8526    0.8929    0.5392   0.03953   0.01131  0.003492
   312/499     1.39G   0.02765   0.01811  0.002573   0.04833        48       416    0.8619    0.8891     0.896    0.5434   0.03905   0.01147  0.002627
   313/499     1.39G    0.0249   0.01603  0.002776   0.04371        96       416    0.9003    0.8392    0.8958    0.5598   0.03933   0.01181  0.003583
   314/499     1.39G    0.0263   0.01544   0.00268   0.04442        75       416    0.9084    0.8086    0.8859    0.5633   0.03949   0.01174  0.003216
   315/499     1.39G   0.02562   0.01627   0.00211     0.044        94       416    0.8839    0.8402    0.8931    0.5789   0.03908    0.0117  0.002633
   316/499     1.39G   0.02629   0.01717  0.003088   0.04655        88       416    0.8912    0.8389    0.9023    0.5545   0.03985   0.01132  0.003784
   317/499     1.39G   0.02663   0.01697  0.002927   0.04652        63       416    0.8708    0.8573    0.8943    0.5496   0.03954   0.01178  0.002994
   318/499     1.39G   0.02636   0.01643  0.002513   0.04531        89       416    0.8678    0.8624    0.8967    0.5554   0.03898   0.01176  0.002615
   319/499     1.39G   0.02581   0.01481  0.002655   0.04328        75       416     0.888    0.8217    0.8972    0.5419   0.03949   0.01166  0.003029
   320/499     1.39G     0.026   0.01716  0.001787   0.04494       124       416    0.9186    0.7752    0.8858    0.5609   0.03936   0.01206  0.003629
   321/499     1.39G   0.02598   0.01519  0.002644   0.04381        56       416    0.8637    0.8432    0.8905    0.5534   0.03931   0.01186   0.00379
   322/499     1.39G   0.02621   0.01656  0.003062   0.04583        93       416    0.9324    0.8373    0.9087    0.5729   0.03883   0.01114  0.003557
   323/499     1.39G   0.02722   0.01895  0.002157   0.04832        94       416    0.9231    0.8394    0.9104    0.5749   0.03882   0.01107  0.002866
   324/499     1.39G   0.02641    0.0167  0.002324   0.04544        79       416    0.9196    0.8609    0.9203    0.5585   0.03964   0.01131  0.002945
   325/499     1.39G   0.02582   0.01628   0.00222   0.04432        63       416    0.9254    0.8653    0.9172    0.5489   0.03953   0.01165  0.003302
   326/499     1.39G   0.02532   0.01667  0.001794   0.04378        68       416    0.9474    0.8351    0.9109    0.5608   0.03919   0.01155  0.004318
   327/499     1.39G    0.0261   0.01618  0.002371   0.04465        60       416    0.9413    0.8271    0.9088    0.5617   0.03988   0.01172  0.003942
   328/499     1.39G   0.02604   0.01563  0.001942   0.04361        74       416     0.954    0.8174    0.9079     0.564   0.03929   0.01165  0.004043
   329/499     1.39G   0.02506   0.01604  0.002057   0.04316        89       416    0.9448    0.8198    0.9032    0.5675   0.03861   0.01127  0.004577
   330/499     1.39G   0.02429   0.01584  0.002183   0.04231        76       416     0.911     0.824    0.8956    0.5819   0.03815   0.01142  0.003535
   331/499     1.39G   0.02681   0.01769  0.002727   0.04723        75       416    0.9316    0.8128    0.8963    0.5848   0.03838   0.01129   0.00355
   332/499     1.39G   0.02655   0.01572  0.002046   0.04432        48       416    0.9323    0.8169    0.8998    0.5769   0.03827   0.01137  0.003384
   333/499     1.39G    0.0267   0.01638  0.002206    0.0453        77       416    0.8848    0.8632     0.903     0.568   0.03865   0.01189   0.00328
   334/499     1.39G   0.02599   0.01682  0.002437   0.04524        85       416    0.8969    0.8687    0.9112    0.5673   0.03927   0.01168  0.002814
   335/499     1.39G   0.02548   0.01649  0.002093   0.04406       104       416    0.8638    0.8767    0.9076    0.5585   0.03994   0.01164  0.003317
   336/499     1.39G   0.02573   0.01652  0.001789   0.04403        64       416    0.8636    0.8716    0.9024    0.5644    0.0399   0.01139  0.002978
   337/499     1.39G   0.02552   0.01624  0.002213   0.04397        64       416      0.93    0.7934    0.9073    0.5725   0.03938   0.01168  0.002489
   338/499     1.39G   0.02439   0.01578  0.002067   0.04225        67       416    0.8982    0.8402     0.904    0.5627   0.03965   0.01177  0.003082
   339/499     1.39G   0.02752   0.01817  0.002441   0.04813        73       416    0.8811    0.8659    0.9047    0.5553   0.03967    0.0116  0.003888
   340/499     1.39G   0.02574   0.01639  0.001792   0.04392        53       416    0.8329    0.8747    0.9003    0.5609   0.03935    0.0116  0.002505
   341/499     1.39G   0.02572   0.01587  0.002231   0.04382        73       416    0.8841    0.8351    0.8914    0.5599   0.03937   0.01145   0.00242
   342/499     1.39G    0.0255   0.01684  0.002838   0.04518       103       416    0.9438    0.8016    0.8929    0.5655   0.03928   0.01153  0.002448
   343/499     1.39G   0.02495    0.0158   0.00193   0.04267        70       416    0.9507    0.8116    0.9069     0.563   0.03896   0.01142  0.001966
   344/499     1.39G   0.02523   0.01751  0.002587   0.04532        72       416     0.906    0.8294    0.9122    0.5662   0.03906   0.01157   0.00207
   345/499     1.39G   0.02395   0.01554  0.001895   0.04138        80       416    0.8421    0.8767    0.8993    0.5666   0.03911   0.01157   0.00263
   346/499     1.39G   0.02641   0.01779  0.002046   0.04625        67       416    0.8451    0.8716    0.9039    0.5639   0.03986   0.01218  0.002611
   347/499     1.39G   0.02453   0.01557  0.002038   0.04214        76       416    0.9136    0.8383    0.8974    0.5598   0.03968     0.012  0.002333
   348/499     1.39G   0.02584   0.01623  0.002128    0.0442        81       416    0.8741     0.843    0.9007    0.5604   0.03925   0.01193  0.002523
   349/499     1.39G   0.02703   0.01757  0.002221   0.04682       129       416    0.8963    0.8299    0.8989    0.5605   0.03912   0.01229  0.003873
   350/499     1.39G   0.02657    0.0152  0.002524   0.04429        92       416    0.9653    0.7626    0.8926    0.5552   0.03905   0.01232  0.004885
   351/499     1.39G   0.02453   0.01574  0.002685   0.04296        69       416    0.8701    0.8402    0.8969    0.5768   0.03803   0.01206  0.003727
   352/499     1.39G   0.02595   0.01724  0.002065   0.04525        65       416    0.8533    0.8768    0.8991    0.5731   0.03815   0.01204  0.003884
   353/499     1.39G   0.02597   0.01791  0.002256   0.04614        66       416    0.8685    0.8298    0.8839    0.5805    0.0387     0.012  0.005369
   354/499     1.39G   0.02387   0.01526  0.001817   0.04095        59       416    0.8522    0.8453    0.8794    0.5601   0.03927   0.01198  0.005005
   355/499     1.39G    0.0269   0.01714  0.002877   0.04692        61       416    0.9005    0.7942     0.882    0.5571   0.03968   0.01183  0.005099
   356/499     1.39G   0.02411   0.01475   0.00211   0.04097        53       416    0.8961    0.8241    0.8998    0.5681   0.03903   0.01166  0.003824
   357/499     1.39G   0.02611   0.01695  0.002277   0.04534        98       416    0.8724    0.8361    0.8945    0.5679   0.03868   0.01196    0.0031
   358/499     1.39G   0.02604   0.01656   0.00233   0.04493        57       416    0.9363    0.8043    0.8976    0.5744   0.03906    0.0118  0.003978
   359/499     1.39G    0.0246   0.01647  0.002013   0.04308        70       416     0.944    0.8066    0.9001    0.5712   0.03908   0.01182  0.004553
   360/499     1.39G   0.02497   0.01575  0.001951   0.04267        63       416    0.9582    0.7965    0.8983    0.5664   0.03902   0.01148  0.004361
   361/499     1.39G    0.0249   0.01474  0.002148   0.04179        77       416    0.9366    0.8219    0.8959    0.5514   0.03912   0.01154  0.004147
   362/499     1.39G   0.02533   0.01591  0.002622   0.04386        73       416    0.9424    0.8297    0.9005    0.5582   0.03899   0.01184    0.0043
   363/499     1.39G   0.02599   0.01714  0.001855   0.04498        83       416    0.9138    0.8422     0.887    0.5625   0.03889   0.01159  0.004066
   364/499     1.39G   0.02615    0.0159  0.002822   0.04487        94       416    0.9177    0.8299    0.8893    0.5604   0.03864   0.01178  0.004461
   365/499     1.39G   0.02556   0.01521  0.002723    0.0435        70       416    0.8858    0.8482    0.8877    0.5651   0.03883   0.01182  0.004199
   366/499     1.39G   0.02354   0.01492  0.002412   0.04087        79       416    0.9034    0.8272    0.8891    0.5639   0.03877   0.01166   0.00478
   367/499     1.39G   0.02602    0.0162  0.002387   0.04461        64       416     0.878    0.8422    0.8818    0.5687   0.03896   0.01172  0.004607
   368/499     1.39G   0.02411   0.01637  0.002508   0.04299        85       416    0.8813    0.8209    0.8752    0.5662   0.03903   0.01207  0.003833
   369/499     1.39G   0.02513   0.01642  0.002443   0.04399        70       416    0.8583    0.8606    0.8957    0.5644   0.03928    0.0121  0.003141
   370/499     1.39G   0.02506   0.01656  0.002192   0.04382        85       416    0.8885    0.8535    0.8968    0.5615   0.03903   0.01186  0.003131
   371/499     1.39G   0.02527   0.01626  0.002631   0.04416        86       416    0.9496    0.8249    0.8896     0.573   0.03954   0.01195  0.002466
   372/499     1.39G   0.02391   0.01581  0.002318   0.04204        54       416    0.8923    0.8483    0.8955    0.5824   0.03891   0.01172  0.002937
   373/499     1.39G   0.02327   0.01427  0.002223   0.03976        48       416    0.9271    0.7982     0.884    0.5717   0.03874    0.0118  0.003599
   374/499     1.39G   0.02499   0.01586  0.002121   0.04297        69       416    0.9483    0.7548    0.8771    0.5755   0.03886   0.01198  0.004895
   375/499     1.39G   0.02388   0.01378   0.00298   0.04064        72       416    0.8794    0.8215    0.8726    0.5667   0.03905   0.01194  0.004956
   376/499     1.39G   0.02624   0.01594  0.002059   0.04424       196       416    0.9307    0.8008    0.8795    0.5623   0.03925   0.01212  0.004158
   377/499     1.39G   0.02523   0.01566  0.002297   0.04319        86       416    0.9563    0.7598    0.8752    0.5668   0.03862   0.01213  0.003987
   378/499     1.39G   0.02469   0.01635  0.002194   0.04323        46       416    0.9116    0.8014    0.8914    0.5589   0.03875   0.01197  0.003416
   379/499     1.39G   0.02409   0.01576  0.002016   0.04187        97       416    0.8647    0.8634    0.8982    0.5712   0.03864   0.01171  0.003524
   380/499     1.39G   0.02329   0.01457  0.001991   0.03986        78       416    0.8772    0.8381    0.8978    0.5679   0.03846   0.01157  0.004297
   381/499     1.39G    0.0239   0.01508  0.001992   0.04098        77       416    0.9398    0.7914    0.8895     0.566   0.03827   0.01164  0.004223
   382/499     1.39G   0.02499   0.01542  0.001981   0.04238        92       416    0.9412    0.8218    0.8968    0.5739   0.03796   0.01124   0.00461
   383/499     1.39G   0.02414   0.01629  0.002224   0.04266        52       416    0.9224    0.8271    0.9101      0.58   0.03803   0.01129  0.004577
   384/499     1.39G   0.02419   0.01656  0.002176   0.04292        59       416    0.9127     0.822    0.9103    0.5674   0.03877   0.01153  0.003536
   385/499     1.39G   0.02357   0.01456  0.001894   0.04003       124       416    0.9406    0.7869    0.9011    0.5566   0.03859   0.01197  0.003186
   386/499     1.39G   0.02694   0.01843  0.002026    0.0474        66       416    0.8597    0.8558    0.8964    0.5616   0.03892   0.01203  0.003478
   387/499     1.39G   0.02534   0.01691  0.002622   0.04487        79       416    0.9451    0.7842    0.8955    0.5733   0.03913   0.01193  0.004066
   388/499     1.39G   0.02245   0.01403  0.001592   0.03807        76       416    0.9291    0.7914     0.889     0.554    0.0399   0.01215   0.00563
   389/499     1.39G   0.02527   0.01646  0.002135   0.04387        80       416    0.9323    0.7912    0.8805    0.5555   0.03949   0.01193  0.003367
   390/499     1.39G   0.02372   0.01507  0.002307    0.0411        83       416    0.9192    0.8075    0.8851    0.5564     0.039   0.01205  0.002159
   391/499     1.39G   0.02352    0.0152  0.002135   0.04085        83       416    0.9384    0.8075     0.897    0.5713    0.0387   0.01178  0.002874
   392/499     1.39G   0.02334   0.01539  0.001993   0.04072       177       416    0.9332    0.7914    0.8931    0.5709   0.03888   0.01181    0.0033
   393/499     1.39G   0.02524   0.01764   0.00204   0.04491        70       416      0.83    0.8504    0.8739    0.5541   0.03896   0.01264  0.003139
   394/499     1.39G   0.02373   0.01506  0.002007   0.04079        97       416    0.8978    0.8118    0.8815    0.5577   0.03966   0.01286  0.002977
   395/499     1.39G   0.02464   0.01415  0.001718   0.04051       107       416    0.9115    0.8351    0.8963    0.5692   0.03968    0.0122   0.00243
   396/499     1.39G   0.02293   0.01505  0.001968   0.03994       108       416    0.8948    0.8441    0.8847     0.574   0.03932    0.0119  0.002654
   397/499     1.39G   0.02363    0.0147  0.002057   0.04039        31       416    0.8947    0.8322    0.8915     0.571   0.03905   0.01216  0.003808
   398/499     1.39G   0.02358   0.01552  0.001813   0.04092        77       416    0.9264    0.7943     0.883    0.5683   0.03926     0.012  0.004193
   399/499     1.39G   0.02329   0.01564  0.001871    0.0408        66       416      0.89    0.8243    0.8907    0.5746   0.03929   0.01184  0.003094
   400/499     1.39G   0.02435    0.0162  0.002338   0.04288        78       416    0.9151    0.8248    0.8971    0.5679   0.03932   0.01161  0.003112
   401/499     1.39G   0.02447    0.0159  0.002231   0.04259        49       416    0.9056    0.8169    0.8958    0.5653   0.03909    0.0117  0.004106
   402/499     1.39G   0.02349   0.01607   0.00148   0.04104       200       416    0.9117    0.8284     0.899    0.5706   0.03939   0.01212  0.003604
   403/499     1.39G   0.02361   0.01535  0.002025   0.04098        67       416    0.8895    0.8215    0.8972    0.5705   0.03946   0.01204  0.003643
   404/499     1.39G   0.02421   0.01581  0.001945   0.04197       114       416    0.8932     0.827    0.8913    0.5684   0.03913   0.01213  0.004689
   405/499     1.39G   0.02329   0.01533  0.001923   0.04054        60       416    0.9009     0.822    0.8856    0.5577   0.03925   0.01218  0.003969
   406/499     1.39G   0.02452   0.01567  0.001955   0.04214        58       416    0.8881    0.8452    0.8863    0.5663   0.03908   0.01177  0.003272
   407/499     1.39G   0.02451   0.01646  0.001815   0.04279        63       416    0.8771    0.8587    0.8912    0.5658   0.03962   0.01167  0.003327
   408/499     1.39G   0.02205   0.01467  0.002174    0.0389        59       416    0.8834    0.8782    0.8962    0.5642   0.03951   0.01194  0.003716
   409/499     1.39G   0.02443   0.01586  0.002166   0.04245        84       416     0.908    0.8636    0.9026    0.5685   0.03932   0.01221  0.003615
   410/499     1.39G   0.02365   0.01439  0.002053   0.04009        69       416    0.8984    0.8634    0.9015    0.5637   0.03945   0.01236   0.00265
   411/499     1.39G   0.02454   0.01482  0.002206   0.04156       101       416    0.8809    0.8685    0.9028     0.554   0.03994    0.0125  0.002574
   412/499     1.39G   0.02343   0.01452  0.001717   0.03967        91       416    0.8469    0.8687    0.8824    0.5561   0.03946   0.01253  0.003697
   413/499     1.39G   0.02312   0.01604  0.001878   0.04104        68       416     0.868    0.8349    0.8771    0.5567   0.03899   0.01211  0.004655
   414/499     1.39G   0.02203   0.01555  0.001715    0.0393        83       416    0.8572    0.8509    0.8753     0.563     0.039   0.01211  0.004302
   415/499     1.39G   0.02284   0.01435  0.001645   0.03883        52       416    0.9007    0.7994    0.8697    0.5501   0.03925   0.01222  0.004667
   416/499     1.39G   0.02324   0.01353  0.002522   0.03929        79       416    0.8592    0.8381    0.8755    0.5545     0.039   0.01208  0.004225
   417/499     1.39G    0.0229   0.01413  0.002173   0.03921        80       416    0.8464    0.8532    0.8753     0.568   0.03911   0.01194  0.004371
   418/499     1.39G   0.02208   0.01448  0.001663   0.03822        62       416    0.8487    0.8669    0.8826    0.5675   0.03945   0.01185  0.004144
   419/499     1.39G   0.02547   0.01707  0.002342   0.04487        89       416    0.9011    0.8402    0.8964    0.5751   0.03895   0.01144  0.004073
   420/499     1.39G   0.02296   0.01439  0.001783   0.03913       159       416    0.9023    0.8453    0.8988    0.5767   0.03914   0.01138  0.003799
   421/499     1.39G   0.02376   0.01477  0.002002   0.04053        91       416    0.8888    0.8636    0.9052    0.5732   0.03943   0.01166  0.003584
   422/499     1.39G   0.02212   0.01363  0.001915   0.03766        76       416    0.8868    0.8855    0.8989    0.5685   0.03986   0.01184  0.002411
   423/499     1.39G   0.02252   0.01441  0.002073   0.03901        95       416    0.9053    0.8599    0.8954    0.5655    0.0391   0.01188  0.002368
   424/499     1.39G   0.02562   0.01718  0.001751   0.04456       164       416    0.8919    0.8441    0.8996    0.5565   0.03931   0.01242   0.00288
   425/499     1.39G   0.02232   0.01499  0.002103   0.03942        54       416    0.8932    0.8145    0.8857    0.5607    0.0402   0.01264  0.003861
   426/499     1.39G   0.02485   0.01535  0.002019   0.04222        91       416    0.9322    0.7976    0.8979    0.5621    0.0401   0.01224  0.004452
   427/499     1.39G   0.02345   0.01552  0.001954   0.04092       102       416    0.9074    0.8246     0.898     0.562   0.03978     0.012  0.003522
   428/499     1.39G   0.02322   0.01443  0.001572   0.03922        76       416    0.8905    0.8637    0.8987     0.565   0.03949     0.012  0.002717
   429/499     1.39G   0.02341   0.01408  0.001928   0.03942        77       416    0.9218    0.8067    0.8938    0.5634   0.03954   0.01197  0.002919
   430/499     1.39G    0.0226   0.01424  0.001724   0.03856        62       416    0.9179    0.8228    0.8916    0.5561   0.03977   0.01175  0.003465
   431/499     1.39G   0.02183   0.01463   0.00206   0.03852        93       416    0.9141    0.8147    0.8879    0.5647   0.03957   0.01184  0.004217
   432/499     1.39G   0.02436   0.01578  0.001913   0.04205       107       416    0.9403    0.8045    0.8917    0.5621   0.03986   0.01213  0.004782
   433/499     1.39G   0.02412   0.01578  0.001991   0.04189       103       416     0.945    0.7927    0.8973    0.5562    0.0401   0.01186  0.004661
   434/499     1.39G    0.0231   0.01388  0.001541   0.03852        63       416    0.9201    0.7994    0.8953    0.5685   0.03942   0.01176  0.003699
   435/499     1.39G   0.02194   0.01404  0.001859   0.03784        79       416    0.8968    0.8091     0.895     0.568   0.03941   0.01166  0.003817
   436/499     1.39G   0.02192   0.01381   0.00167   0.03741        82       416    0.9378    0.7912     0.906    0.5637   0.03981   0.01165  0.003886
   437/499     1.39G   0.02143   0.01374  0.001871   0.03705        81       416    0.9078    0.8323    0.9015    0.5651   0.03953   0.01195  0.004065
   438/499     1.39G   0.02355   0.01565   0.00148   0.04067       134       416    0.8819     0.827    0.8946    0.5706   0.03873   0.01173  0.003403
   439/499     1.39G   0.02234   0.01359  0.002132   0.03806        85       416    0.8625    0.8469    0.9017     0.581   0.03866   0.01174  0.003182
   440/499     1.39G   0.02275   0.01522   0.00166   0.03963        49       416    0.8783    0.8504    0.8944    0.5769   0.03902   0.01163  0.003836
   441/499     1.39G   0.02203   0.01518  0.001684    0.0389        72       416    0.9277    0.8147    0.8918    0.5683    0.0388   0.01146  0.004019
   442/499     1.39G   0.02252   0.01568  0.002051   0.04026        54       416    0.9232    0.8351    0.9021    0.5804   0.03865   0.01131   0.00353
   443/499     1.39G   0.02137   0.01371  0.001739   0.03682        66       416    0.9293    0.8169    0.9008    0.5736   0.03894   0.01154  0.003109
   444/499     1.39G   0.02277   0.01624   0.00211   0.04112        73       416    0.9254    0.8169    0.8922    0.5707   0.03889   0.01166  0.003707
   445/499     1.39G   0.02414   0.01573  0.001588   0.04146        69       416    0.9325     0.822    0.8995    0.5676   0.03929   0.01158  0.003863
   446/499     1.39G   0.02268   0.01374   0.00212   0.03854        71       416    0.9439      0.83    0.8974    0.5646   0.03996   0.01163  0.003893
   447/499     1.39G   0.02279   0.01406  0.002093   0.03895        66       416    0.9469    0.8341    0.8971    0.5638   0.03989    0.0118  0.004487
   448/499     1.39G   0.02317   0.01539   0.00241   0.04097       127       416    0.9398    0.8184    0.8922    0.5616   0.03946   0.01179  0.004586
   449/499     1.39G   0.02352   0.01485  0.001724   0.04009        58       416    0.9233    0.8233    0.8936     0.571   0.03934   0.01176  0.004553
   450/499     1.39G   0.02259   0.01572  0.001744   0.04005       125       416    0.9242    0.8332    0.9013    0.5678   0.03932   0.01169  0.003831
   451/499     1.39G   0.02191   0.01447   0.00161   0.03799        51       416    0.9021     0.853    0.9087    0.5688   0.03925   0.01159  0.003293
   452/499     1.39G   0.02228   0.01499  0.001979   0.03925        73       416     0.934     0.815     0.911    0.5778    0.0388   0.01156  0.003137
   453/499     1.39G   0.02101   0.01427  0.001804   0.03709        75       416    0.9221     0.822    0.9076    0.5757   0.03887   0.01161  0.003767
   454/499     1.39G   0.02399   0.01772   0.00198   0.04368        87       416    0.8759    0.8453    0.9029    0.5696   0.03891   0.01195   0.00393
   455/499     1.39G   0.02295   0.01514  0.001522   0.03961        44       416    0.9187    0.8269    0.9015    0.5691   0.03904   0.01179  0.004099
   456/499     1.39G   0.02307   0.01601  0.001915   0.04099        67       416    0.9215    0.8139    0.9012    0.5612   0.03924   0.01175  0.004377
   457/499     1.39G   0.02279   0.01541  0.001743   0.03994        75       416    0.9366    0.8066    0.8907    0.5622   0.03988   0.01197  0.004499
   458/499     1.39G   0.02295   0.01443   0.00156   0.03893        87       416    0.8477    0.8631    0.8983    0.5639   0.03896   0.01171  0.004436
   459/499     1.39G   0.02314   0.01591  0.001836   0.04089        74       416    0.8788    0.8452    0.9018    0.5734    0.0386   0.01168  0.004753
   460/499     1.39G   0.02324   0.01547  0.001804   0.04051       103       416    0.9007    0.8533    0.9064    0.5851   0.03892   0.01151  0.004516
   461/499     1.39G   0.02137   0.01396  0.001575    0.0369        66       416    0.8936    0.8622    0.8979    0.5861   0.03839   0.01156  0.004283
   462/499     1.39G   0.02159   0.01516   0.00157   0.03832        69       416    0.9216    0.8279    0.8908    0.5786   0.03859   0.01166  0.004194
   463/499     1.39G   0.02167   0.01386  0.001659   0.03718        54       416    0.9317    0.8147    0.8957     0.578   0.03932   0.01165  0.004863
   464/499     1.39G   0.02231    0.0146  0.002099     0.039        76       416    0.9047    0.8573    0.9009    0.5771   0.03958   0.01168  0.004192
   465/499     1.39G   0.02346   0.01559  0.001945   0.04099        60       416    0.8787    0.8534    0.8924    0.5617   0.03923    0.0116  0.003736
   466/499     1.39G   0.02313   0.01455  0.001518    0.0392        70       416    0.8646    0.8459    0.8882    0.5619   0.03933   0.01183   0.00413
   467/499     1.39G   0.02169   0.01353  0.001723   0.03694        80       416    0.8663    0.8482    0.8881    0.5626   0.03918   0.01198  0.003764
   468/499     1.39G   0.02216   0.01425   0.00161   0.03802        64       416    0.9101    0.8422    0.9055    0.5632   0.03944   0.01188  0.004204
   469/499     1.39G   0.02334   0.01529  0.001849   0.04048        50       416    0.9036    0.8611    0.9082    0.5722   0.03897   0.01174  0.005196
   470/499     1.39G     0.022   0.01367  0.001903   0.03758        48       416    0.9269      0.83    0.9015    0.5717   0.03913   0.01197   0.00451
   471/499     1.39G   0.02461   0.01629  0.002373   0.04327        86       416    0.9388    0.8117    0.8995    0.5735   0.03938   0.01218  0.003785
   472/499     1.39G   0.02273    0.0148   0.00169   0.03922        69       416    0.9176    0.8271    0.9057    0.5702   0.03917    0.0124  0.003961
   473/499     1.39G   0.02129    0.0129  0.001817   0.03601        54       416    0.8983     0.827    0.8947    0.5698   0.03864   0.01218  0.004551
   474/499     1.39G   0.02227   0.01552  0.001955   0.03975       152       416     0.883    0.8249    0.8768    0.5667   0.03857   0.01235  0.005123
   475/499     1.39G   0.02291   0.01516  0.001698   0.03977        82       416    0.9355    0.8198    0.8956    0.5737   0.03882   0.01238  0.004349
   476/499     1.39G   0.02175   0.01491  0.001375   0.03803        63       416    0.9319    0.8249    0.8996    0.5806   0.03865   0.01216  0.003562
   477/499     1.39G   0.02144   0.01397  0.001557   0.03697       101       416    0.9303    0.8147    0.9013    0.5834   0.03853   0.01208  0.003409
   478/499     1.39G   0.02321   0.01452  0.001922   0.03965        70       416    0.9248    0.7914    0.8889    0.5675   0.03876   0.01239  0.003221
   479/499     1.39G   0.02218   0.01388  0.001334   0.03739        72       416     0.915    0.8118     0.893    0.5693   0.03905   0.01258  0.002914
   480/499     1.39G   0.02192   0.01454  0.001772   0.03823        63       416    0.8799    0.8229    0.8853    0.5651   0.03919   0.01263  0.002617
   481/499     1.39G   0.02225   0.01461  0.002222   0.03909        74       416    0.9034    0.8236    0.8901    0.5708   0.03948   0.01224  0.002731
   482/499     1.39G   0.02023   0.01272   0.00197   0.03492        54       416    0.8949    0.8534    0.8963    0.5771   0.03939   0.01188  0.002911
   483/499     1.39G   0.02167   0.01265  0.001964   0.03628        79       416    0.9181    0.8466    0.9086    0.5792   0.03922   0.01191  0.002718
   484/499     1.39G   0.02121   0.01307  0.001961   0.03624        80       416    0.8726    0.8672    0.9051    0.5743   0.03871   0.01177   0.00243
   485/499     1.39G   0.02299   0.01355  0.002059    0.0386       166       416    0.8719    0.8618    0.9023      0.58   0.03832   0.01212  0.002519
   486/499     1.39G   0.02274   0.01466  0.001693   0.03909        96       416    0.9086    0.8249    0.8992    0.5722   0.03796   0.01212  0.003427
   487/499     1.39G   0.02226   0.01368  0.002246   0.03819        72       416    0.8667    0.8581    0.8962    0.5754   0.03796    0.0119  0.003478
   488/499     1.39G   0.02296     0.014    0.0022   0.03916        85       416    0.9128    0.8351    0.8953    0.5738   0.03795   0.01169  0.002918
   489/499     1.39G   0.02241   0.01392  0.001817   0.03814        69       416    0.9181    0.8321    0.9032    0.5795   0.03833   0.01157  0.002889
   490/499     1.39G   0.02264   0.01488  0.002313   0.03983        74       416    0.8817    0.8585    0.8997    0.5848   0.03859   0.01147  0.003763
   491/499     1.39G    0.0215    0.0135  0.001884   0.03689        85       416    0.9223    0.8297    0.9024    0.5721   0.03869   0.01152  0.003898
   492/499     1.39G   0.02126   0.01397  0.001716   0.03694        49       416     0.958    0.7994    0.9021    0.5754   0.03859   0.01175  0.003825
   493/499     1.39G    0.0228    0.0138    0.0017    0.0383        58       416    0.9154    0.8518    0.8949    0.5692   0.03873   0.01196   0.00397
   494/499     1.39G   0.02152   0.01398  0.002234   0.03774        82       416    0.9149    0.8687    0.9032    0.5724   0.03871     0.012  0.004374
   495/499     1.39G   0.02206   0.01441  0.001468   0.03794        62       416    0.9251    0.8198     0.888    0.5673   0.03895   0.01204  0.004354
   496/499     1.39G   0.02119   0.01366  0.001466   0.03631        72       416    0.9754    0.7841    0.8947     0.568   0.03939   0.01231  0.004362
   497/499     1.39G   0.02212   0.01517   0.00154   0.03883        60       416    0.9518    0.8045    0.8912    0.5696   0.03948   0.01226  0.003996
   498/499     1.39G   0.02427   0.01494  0.002279   0.04149        52       416    0.9524    0.8066    0.8934      0.57   0.03932   0.01198  0.004603
   499/499     1.39G   0.02067   0.01335  0.001196   0.03522        64       416    0.9514    0.8045    0.8947    0.5758   0.03947   0.01181  0.004982
