     0/499     1.39G     0.112   0.05347   0.02778    0.1932       100       416  0.002287    0.1373   0.00118  0.000256     0.103   0.03742    0.0269
     1/499     1.42G    0.1098   0.05885   0.02726    0.1959        56       416   0.00258    0.1549  0.001107 0.0001784    0.0996   0.03929   0.02624
     2/499     1.42G    0.1049   0.05827   0.02662    0.1897        65       416  0.002703     0.162  0.001033  0.000173     0.097   0.04079   0.02561
     3/499     1.42G     0.105   0.06442   0.02604    0.1955        67       416  0.002903    0.1162  0.000864 0.0001463   0.09567   0.04161   0.02502
     4/499     1.42G    0.1033   0.06344   0.02536    0.1921        86       416     0.503    0.1197 0.0008363 0.0001411   0.09516   0.04196   0.02441
     5/499     1.42G    0.1027   0.07174   0.02497    0.1994       117       416    0.5028    0.1127 0.0007455 0.0001287   0.09493   0.04215   0.02388
     6/499     1.42G    0.1018   0.06516   0.02427    0.1912        82       416    0.5029    0.1162 0.0007517 0.0001246   0.09455   0.04241   0.02337
     7/499     1.42G    0.1029   0.06139   0.02393    0.1882       108       416    0.5029    0.1162 0.0009805 0.0001539   0.09421   0.04264   0.02289
     8/499     1.42G    0.1012   0.06168   0.02301    0.1859        52       416    0.5029    0.1162 0.0008103 0.0001372   0.09385   0.04288   0.02242
     9/499     1.42G    0.1015   0.07963    0.0241    0.2052        75       416    0.5028    0.1127 0.0009723 0.0001727   0.09382   0.04293   0.02205
    10/499     1.42G   0.09892   0.06642   0.02246    0.1878        73       416  0.003685    0.2268  0.001189 0.0002267   0.09383   0.04295   0.02168
    11/499     1.42G    0.1011    0.0679    0.0223    0.1913        72       416  0.003759    0.2303  0.001282 0.0002695   0.09388   0.04293   0.02132
    12/499     1.42G   0.09913   0.06633   0.02202    0.1875        44       416     0.503    0.1197 0.0008544 0.0001477   0.09379   0.04301   0.02096
    13/499     1.42G   0.09721   0.05861   0.02184    0.1777        38       416     0.503    0.1197 0.0009145 0.0001618   0.09342   0.04325   0.02064
    14/499     1.42G   0.09768    0.0699   0.02113    0.1887        69       416   0.00349    0.1803  0.001086 0.0001725   0.09325   0.04336   0.02033
    15/499     1.42G    0.1019   0.06643   0.02141    0.1897       110       416  0.003726    0.2088  0.001232 0.0002469   0.09347   0.04324   0.02005
    16/499     1.42G   0.09912   0.06801   0.02158    0.1887        79       416  0.003314    0.1838  0.001082 0.0001778    0.0936   0.04317   0.01984
    17/499     1.42G   0.09722   0.06749   0.02071    0.1854        66       416  0.004541    0.1764  0.001701 0.0003478   0.09291   0.04344   0.01966
    18/499     1.42G   0.09643    0.0628   0.02002    0.1793        62       416  0.005425   0.02817  0.001442 0.0002429   0.09293   0.04351   0.01939
    19/499     1.42G    0.1005   0.06589   0.01968     0.186       172       416   0.00387    0.1162  0.001316 0.0002223   0.09467   0.04261   0.01938
    20/499     1.42G   0.09741   0.06873   0.01893    0.1851        93       416  0.003602    0.1197  0.001382 0.0002297   0.09353   0.04316   0.01899
    21/499     1.42G   0.09749   0.07424   0.01978    0.1915        60       416  0.003381    0.1268  0.001295 0.0002071   0.09322    0.0433   0.01866
    22/499     1.42G   0.09797    0.0724   0.01987    0.1902        67       416  0.004281   0.09507  0.001252  0.000214   0.09651   0.04174   0.01856
    23/499     1.42G   0.09804   0.06061   0.01913    0.1778        53       416  0.002786   0.07746 0.0007426 0.0001194    0.1099    0.0339   0.02072
    24/499     1.42G   0.09689   0.06516   0.01897     0.181        53       416  0.001971   0.09507 0.0003926 6.325e-05    0.1196   0.03035   0.02706
    25/499     1.42G    0.0987   0.07141   0.01853    0.1886        61       416   0.00246    0.1162 0.0005906 8.556e-05    0.1216   0.02894   0.03055
    26/499     1.42G   0.09759   0.08082   0.01876    0.1972        65       416  0.007397  0.007042 0.0007949 0.0001138    0.1225    0.0276   0.03528
    27/499     1.42G   0.09911   0.06915   0.01945    0.1877        72       416  0.003127   0.08451 0.0008271 0.0001386    0.1143   0.03167   0.02526
    28/499     1.42G   0.09798   0.06357   0.01845      0.18        88       416  0.004919   0.01761   0.00119 0.0001542    0.1264   0.02513   0.03998
    29/499     1.42G   0.09812   0.06742   0.01874    0.1843       134       416   0.01659  0.007042 0.0007789 0.0001347    0.1317   0.02297   0.04746
    30/499     1.42G   0.09777   0.07215   0.01791    0.1878       247       416  0.005459   0.02465  0.000679 9.555e-05    0.1251   0.02788   0.03714
    31/499     1.42G   0.09905   0.06838   0.01822    0.1857       114       416    0.0712  0.003521 0.0007725 0.0002205    0.1244   0.02833   0.03847
    32/499     1.42G   0.09902   0.07065   0.01745    0.1871       103       416  0.009928  0.003521 0.0004574  9.31e-05    0.1256    0.0266   0.04307
    33/499     1.42G   0.09462      0.07   0.02013    0.1848        60       416  0.004504   0.09155  0.001366 0.0001926    0.1106   0.03342   0.02406
    34/499     1.42G   0.09307   0.07181   0.01757    0.1825        56       416  0.004615   0.07394  0.001395 0.0002053     0.106   0.03603   0.02034
    35/499     1.42G    0.0971   0.06762    0.0176    0.1823        76       416  0.003674   0.07042  0.001124 0.0001554    0.1098   0.03388   0.02188
    36/499     1.42G   0.09479   0.06709   0.01888    0.1808        68       416  0.006674    0.0669  0.002114 0.0003319    0.1008   0.03895   0.01865
    37/499     1.42G   0.09623   0.07191   0.01802    0.1862        79       416   0.02449     0.025   0.00336 0.0009064   0.09802   0.04079   0.01754
    38/499     1.42G   0.09849   0.07167   0.01781     0.188       194       416   0.01414     0.106  0.003171 0.0004283   0.09582   0.04205   0.01736
    39/499     1.42G   0.09481   0.06084   0.01668    0.1723        55       416  0.006597   0.07746  0.001968 0.0003091   0.09538   0.04223   0.01691
    40/499     1.42G   0.09205   0.06027   0.01763      0.17        59       416  0.005299   0.08451  0.002172 0.0003613   0.09438   0.04275    0.0165
    41/499     1.42G   0.09315    0.0666   0.01749    0.1772        60       416  0.007231   0.04225  0.002264 0.0003788   0.09368   0.04307   0.01613
    42/499     1.42G   0.09648   0.07614   0.01743      0.19       106       416    0.0131   0.04225  0.004117 0.0006418   0.09291   0.04346   0.01574
    43/499     1.42G   0.09499   0.06514   0.01788     0.178        53       416    0.0145   0.07394  0.005405 0.0007228   0.09346   0.04302   0.01556
    44/499     1.42G   0.09582   0.06462   0.01845    0.1789       118       416   0.01374   0.07746  0.004966 0.0008302   0.09787   0.04004   0.01566
    45/499     1.42G   0.09547   0.06585   0.01655    0.1779        73       416   0.01362    0.0669  0.004383 0.0007813    0.1023   0.03712   0.01612
    46/499     1.42G   0.09334   0.05674   0.01771    0.1678        38       416   0.01621   0.09507  0.005977  0.001082    0.1048   0.03536   0.01743
    47/499     1.42G   0.09437   0.06576   0.01748    0.1776        82       416   0.02632   0.05986  0.008387  0.001341    0.1015   0.03723   0.01616
    48/499     1.42G   0.09499   0.06327   0.01673     0.175        75       416    0.0506   0.05986   0.02198  0.004073    0.0955   0.04045   0.01504
    49/499     1.42G    0.0952   0.05891   0.01536    0.1695        81       416   0.08715   0.03873   0.01897  0.004042   0.09362   0.04048   0.01433
    50/499     1.42G   0.09288   0.06127   0.01652    0.1707       100       416   0.05475   0.05986   0.01933  0.004262   0.09307   0.04017   0.01437
    51/499     1.42G   0.09341    0.0631   0.01587    0.1724        90       416    0.5561   0.05986   0.02963  0.005204   0.09278   0.04006   0.01406
    52/499     1.42G   0.09385   0.06354   0.01594    0.1733       120       416    0.5428   0.05282    0.0215  0.003745   0.09331   0.04497   0.01386
    53/499     1.42G   0.09119    0.0598   0.01618    0.1672        95       416   0.06817   0.07746   0.02787  0.006069   0.09421   0.03725    0.0139
    54/499     1.42G   0.09254   0.05779   0.01625    0.1666        97       416    0.6705    0.0493   0.03363  0.008476   0.09349   0.03611   0.01361
    55/499     1.42G   0.08815   0.06273   0.01715     0.168        69       416    0.5833   0.08099    0.0397  0.007176   0.09146   0.03846   0.01316
    56/499     1.42G    0.0894    0.0599   0.01602    0.1653        77       416    0.5775    0.1303   0.04739   0.01169   0.08922   0.03744   0.01296
    57/499     1.42G   0.08806    0.0601   0.01643    0.1646        45       416    0.5854    0.1162   0.05034   0.01268   0.08772   0.04028   0.01266
    58/499     1.42G   0.08579   0.05794   0.01562    0.1594        99       416    0.5888   0.08451   0.03497  0.009099   0.09023    0.0378   0.01315
    59/499     1.42G   0.08316   0.05868    0.0134    0.1552        54       416    0.6191   0.08099   0.05102   0.01418   0.08683   0.04019   0.01259
    60/499     1.42G   0.08393   0.06209   0.01559    0.1616        69       416    0.5619   0.09155   0.03902   0.01044   0.09056   0.03601   0.01298
    61/499     1.42G   0.08426   0.05851     0.016    0.1588       105       416    0.6129    0.1197   0.06091    0.0138    0.0876   0.03734   0.01256
    62/499     1.42G   0.08384   0.06155   0.01656    0.1619       121       416    0.6257   0.09461   0.05932   0.01348   0.08484   0.03823   0.01249
    63/499     1.42G   0.08217   0.06205   0.01485    0.1591       110       416    0.5566    0.1056   0.03059  0.006143   0.08983   0.03813   0.01266
    64/499     1.42G    0.0825    0.0581   0.01543     0.156        66       416    0.7209   0.09478   0.09329   0.02589   0.07939   0.04662   0.01269
    65/499     1.42G    0.0803   0.05912   0.01661     0.156        78       416    0.6332   0.09859   0.06479   0.01481   0.08178   0.04222   0.01284
    66/499     1.42G   0.07991   0.05992   0.01529    0.1551       133       416    0.6631   0.05966   0.04383   0.01218   0.08361   0.04067   0.01312
    67/499     1.42G   0.08079   0.06306   0.01493    0.1588       100       416    0.6557    0.1514   0.08928   0.02123   0.07839    0.0403   0.01314
    68/499     1.42G   0.07726   0.05892   0.01716    0.1533       147       416    0.6401    0.1302   0.08909   0.02351   0.07872   0.03879   0.01293
    69/499     1.42G   0.07451   0.05956   0.01393     0.148        89       416    0.6203    0.1655   0.08873   0.02269   0.07694   0.03906   0.01289
    70/499     1.42G    0.0765   0.05295   0.01288    0.1423        98       416    0.1175    0.1514   0.07153    0.0185   0.07824   0.03906   0.01271
    71/499     1.42G    0.0768   0.05444   0.01372     0.145        79       416    0.6549    0.1725    0.1159   0.03294   0.07445   0.03945   0.01326
    72/499     1.42G   0.08095   0.05785   0.01621     0.155       122       416    0.6521    0.1479   0.08041   0.01937    0.0852   0.03939   0.01254
    73/499     1.42G   0.08294   0.05893   0.01321    0.1551        62       416    0.6388    0.1826   0.09708   0.02366   0.07874   0.03969    0.0124
    74/499     1.42G   0.07647   0.05308   0.01439    0.1439        62       416    0.5797    0.1585   0.05654    0.0117   0.08324   0.03858   0.01255
    75/499     1.42G   0.07429   0.05419   0.01638    0.1449        57       416    0.6764     0.162    0.1175   0.03118   0.07284   0.03926   0.01271
    76/499     1.42G   0.07485   0.06295   0.01752    0.1553       201       416    0.6283    0.2007   0.09494   0.02331   0.07594   0.03783   0.01271
    77/499     1.42G   0.07941   0.05747   0.01587    0.1528       214       416     0.619    0.2359    0.1052   0.02794   0.07445   0.03722   0.01286
    78/499     1.42G   0.07549    0.0559   0.01554    0.1469        73       416    0.6764    0.1585    0.1135   0.02969   0.07302   0.03694   0.01285
    79/499     1.42G   0.07513   0.05661   0.01502    0.1468        67       416    0.6763    0.1266    0.1149   0.03145   0.07295   0.04517   0.01327
    80/499     1.42G   0.07234   0.05832   0.01759    0.1482       145       416    0.6892    0.1972    0.1621   0.04956   0.06857    0.0381   0.01287
    81/499     1.42G   0.07275   0.04855   0.01489    0.1362        69       416    0.6998    0.1338     0.112   0.02755   0.07783   0.03507   0.01358
    82/499     1.42G   0.07988   0.05793   0.01758    0.1554        72       416    0.6739     0.169    0.1238   0.03327   0.07216   0.03671   0.01345
    83/499     1.42G   0.07507   0.05483   0.01433    0.1442       149       416    0.6715    0.1972    0.1364   0.04238   0.06953   0.03658    0.0131
    84/499     1.42G   0.07364   0.04981   0.01401    0.1375        66       416    0.6606    0.2216    0.1468   0.03835   0.06848   0.03605   0.01263
    85/499     1.42G    0.0738   0.05598   0.01446    0.1442        97       416    0.6787    0.2076    0.1335   0.03822   0.06972   0.04108   0.01276
    86/499     1.42G   0.07656   0.05756   0.01696    0.1511        75       416    0.6118    0.1373   0.07266   0.01596   0.08245   0.04259   0.01277
    87/499     1.42G   0.08275    0.0561   0.01605    0.1549       111       416    0.6154    0.2208    0.1132   0.02914   0.07247   0.03509    0.0128
    88/499     1.42G   0.07535   0.04769   0.01379    0.1368        82       416    0.6819    0.2183    0.1661   0.04984   0.06924   0.03634   0.01312
    89/499     1.42G   0.06823   0.04965   0.01418    0.1321        59       416     0.679     0.271    0.1901    0.0523   0.06673   0.03714   0.01317
    90/499     1.42G   0.06798   0.05371   0.01595    0.1376        56       416    0.6901    0.2634    0.1982   0.04993   0.06749   0.03964   0.01285
    91/499     1.42G   0.07663   0.05019   0.01763    0.1445        69       416    0.1733     0.413    0.1605    0.0371   0.07431   0.03391   0.01322
    92/499     1.42G   0.06976   0.04595   0.01738    0.1331        63       416    0.6931    0.2392    0.1928   0.06036   0.06591   0.03331   0.01316
    93/499     1.42G   0.07513   0.05112   0.01545    0.1417        82       416    0.5979    0.1197   0.06778   0.01839   0.08373   0.03348   0.01341
    94/499     1.42G   0.07419   0.05177   0.01522    0.1412        64       416    0.7079    0.1937    0.1641   0.04834    0.0744    0.0364   0.01292
    95/499     1.42G   0.06973   0.04775   0.01413    0.1316        62       416     0.636    0.1866    0.1036   0.02807   0.07648   0.03957   0.01283
    96/499     1.42G    0.0722   0.05004   0.01633    0.1386        76       416    0.6742    0.2007    0.1507   0.04213    0.0751   0.04036   0.01307
    97/499     1.42G   0.07371   0.04665   0.01592    0.1363        49       416     0.684    0.2465    0.1989   0.05898   0.06826   0.03375    0.0131
    98/499     1.42G   0.06768   0.06474   0.01499    0.1474        91       416    0.7461    0.2287    0.1998   0.05627   0.06506   0.03545   0.01258
    99/499     1.42G   0.07091   0.05511   0.01688    0.1429       125       416    0.7061    0.2254    0.1862   0.05397   0.06814    0.0356   0.01316
   100/499     1.42G   0.07506   0.05474   0.01453    0.1443        91       416    0.6764    0.2077      0.15   0.03439   0.07522   0.03306   0.01284
   101/499     1.42G   0.07177   0.04784   0.01486    0.1345        85       416     0.675    0.2183    0.1612   0.05521   0.06384     0.037   0.01312
   102/499     1.42G   0.07012   0.05318   0.01615    0.1394        75       416    0.6673    0.2568    0.1579   0.04771   0.06699   0.03606   0.01302
   103/499     1.42G   0.06949   0.04694   0.01484    0.1313        35       416    0.7403    0.2324    0.1918   0.05942   0.06453   0.03428   0.01305
   104/499     1.42G   0.07057   0.05856   0.01487     0.144       127       416    0.7576    0.2324    0.2281   0.06339   0.06515   0.03744   0.01264
   105/499     1.42G   0.07051   0.05558   0.01623    0.1423       171       416    0.8073    0.2606    0.2865   0.09912   0.06082   0.03377   0.01288
   106/499     1.42G   0.06431   0.04435   0.01595    0.1246        71       416    0.7309    0.2359    0.1844   0.04482   0.07091   0.03291   0.01344
   107/499     1.42G   0.07368   0.05937   0.01494     0.148       212       416    0.6757    0.2148    0.1552   0.04807    0.0678   0.03736   0.01327
   108/499     1.42G    0.0711    0.0491    0.0127    0.1329        60       416    0.7746    0.2148    0.1722   0.06081   0.06529   0.03473   0.01297
   109/499     1.42G    0.0646   0.04989   0.01574    0.1302        86       416    0.7315    0.2429    0.2092   0.06718   0.06593   0.03478   0.01273
   110/499     1.42G   0.06256   0.04086   0.01348    0.1169        37       416    0.6983    0.1972    0.1515    0.0362   0.06846   0.03636   0.01311
   111/499     1.42G   0.06305   0.05117   0.01568    0.1299        73       416    0.7781    0.2383    0.2275     0.076   0.06256   0.03499   0.01267
   112/499     1.42G   0.06861   0.05437   0.01537    0.1384        87       416    0.6946    0.2852    0.1968   0.05952   0.06277   0.03512   0.01273
   113/499     1.42G   0.06352   0.05056   0.01389     0.128        75       416    0.7165    0.2535    0.2111   0.06352   0.06225    0.0348   0.01275
   114/499     1.42G   0.06462   0.04653    0.0156    0.1268        88       416    0.7685    0.2287    0.2346   0.07387   0.05973    0.0332   0.01297
   115/499     1.42G   0.06398     0.049   0.01287    0.1258        82       416    0.7077    0.2953    0.2224   0.06779   0.06358   0.03241   0.01269
   116/499     1.42G   0.06394   0.04975   0.01557    0.1293        75       416     0.766     0.257    0.2596   0.08992   0.06181   0.03247   0.01259
   117/499     1.42G   0.06903   0.05083   0.01632    0.1362        93       416     0.698    0.2113     0.184   0.05696    0.0657    0.0443    0.0131
   118/499     1.42G   0.06758   0.05488   0.01388    0.1363        81       416    0.6502    0.1937    0.1009   0.02401    0.0796   0.04738   0.01316
   119/499     1.42G   0.08074    0.0456   0.01651    0.1429        97       416     0.682    0.2289    0.1408   0.03145   0.07323   0.03347   0.01344
   120/499     1.42G   0.08578    0.0416   0.01521    0.1426        37       416    0.2534     0.282    0.1344   0.03226   0.07181   0.03544   0.01372
   121/499     1.42G   0.07381   0.05374     0.015    0.1426        79       416    0.6619    0.1265   0.09607   0.02781    0.0771   0.03671   0.01351
   122/499     1.42G   0.06539   0.05197   0.01386    0.1312       154       416    0.4058     0.349    0.2052   0.05952   0.07201   0.04087   0.01261
   123/499     1.42G   0.06223    0.0591   0.01445    0.1358       128       416    0.6675    0.1972    0.1416   0.03647   0.07262   0.05119    0.0126
   124/499     1.42G   0.06403    0.0535   0.01358    0.1311       139       416    0.7264    0.2923    0.2599   0.07516   0.06206   0.03358   0.01269
   125/499     1.42G   0.05992   0.04806   0.01513    0.1231        45       416    0.7711    0.2817    0.2639   0.09123   0.06104   0.03086   0.01234
   126/499     1.42G   0.06178   0.04545   0.01474     0.122        48       416    0.7665    0.2465    0.2022   0.06534    0.0607     0.033   0.01263
   127/499     1.42G   0.06811   0.05265   0.01274    0.1335       101       416     0.701    0.2606    0.2087   0.06054   0.06511   0.03696   0.01199
   128/499     1.42G   0.07222   0.04885   0.01335    0.1344        75       416     0.691    0.2641    0.2019    0.0525   0.06777   0.03501   0.01199
   129/499     1.42G   0.06562   0.05008   0.01738    0.1331        68       416    0.7899    0.2535    0.2746   0.08311   0.06542   0.03303   0.01236
   130/499     1.42G   0.06631    0.0488    0.0136    0.1287       107       416    0.7441    0.3063    0.2644   0.07145    0.0588   0.03378   0.01237
   131/499     1.42G    0.0642   0.04605   0.01613    0.1264        52       416    0.4745    0.4122    0.2821    0.0831   0.05662   0.03281   0.01265
   132/499     1.42G   0.06272   0.04537   0.01316    0.1213        71       416    0.7622    0.2602    0.2586   0.08306   0.05603    0.0324   0.01298
   133/499     1.42G   0.06137   0.04566    0.0141    0.1211       144       416     0.654    0.3736    0.3311    0.1119   0.05694   0.03015   0.01277
   134/499     1.42G   0.06398   0.05381    0.0135    0.1313       141       416    0.3411    0.3313    0.2763   0.09493   0.06083   0.03146   0.01258
   135/499     1.42G   0.07023   0.04748   0.01438    0.1321        85       416    0.6976    0.2887    0.1936    0.0525   0.07075   0.02943    0.0127
   136/499     1.42G   0.08145   0.04479    0.0133    0.1395        79       416    0.7082    0.2637    0.1978    0.0567   0.06576   0.03038   0.01317
   137/499     1.42G   0.06475    0.0513   0.01526    0.1313       125       416    0.6112     0.268    0.1906   0.07207   0.05991   0.03378   0.01344
   138/499     1.42G    0.0629   0.05219   0.01339    0.1285       102       416    0.5343    0.3067    0.3076   0.09713   0.06097   0.02857   0.01275
   139/499     1.42G   0.06661   0.04817   0.01464    0.1294       172       416    0.4917     0.327     0.308    0.0979   0.05993   0.02979   0.01281
   140/499     1.42G   0.07006   0.04461   0.01301    0.1277        89       416    0.2053    0.2746    0.1955    0.0529   0.06791   0.02988   0.01329
   141/499     1.42G   0.07542   0.04704   0.01267    0.1351       140       416    0.7177    0.3028    0.2415   0.07231   0.06093   0.03114   0.01339
   142/499     1.42G   0.06018   0.05034   0.01405    0.1246        94       416    0.5018    0.3372    0.3119    0.1147   0.05529   0.03157   0.01319
   143/499     1.42G   0.05843    0.0441    0.0123    0.1148        91       416    0.3294    0.4271    0.3322     0.104   0.05623   0.03083   0.01308
   144/499     1.42G   0.06246    0.0475   0.01427    0.1242       105       416    0.8235    0.2782    0.3138    0.1176   0.05757   0.02943   0.01264
   145/499     1.42G   0.06045   0.04569   0.01587     0.122       104       416    0.3122    0.3489    0.3261    0.1099   0.05769   0.03057   0.01266
   146/499     1.42G   0.06236   0.04615   0.01337    0.1219        82       416    0.4444    0.3331    0.2831    0.0974   0.06009   0.03002   0.01212
   147/499     1.42G   0.06509   0.04158   0.01312    0.1198        52       416    0.6948    0.3489      0.25   0.07212   0.06423   0.03176   0.01239
   148/499     1.42G   0.06952   0.04758   0.01435    0.1314        48       416    0.4675    0.3739    0.2525   0.08637   0.06202   0.03224   0.01233
   149/499     1.42G   0.05956   0.04802   0.01448    0.1221        80       416    0.7658    0.2958    0.2497   0.09124   0.06521   0.03936   0.01289
   150/499     1.42G   0.05862   0.04637   0.01438    0.1194        69       416    0.8061    0.2002    0.2162   0.08305   0.07003    0.0471   0.01295
   151/499     1.42G   0.05758   0.04524   0.01391    0.1167        65       416    0.7494    0.2254    0.2139   0.07081   0.07394   0.04059   0.01296
   152/499     1.42G    0.0641   0.05078   0.01399    0.1289        86       416    0.6964    0.3419    0.2952    0.0973   0.06201   0.03824   0.01284
   153/499     1.42G   0.05745   0.04321   0.01478    0.1154        70       416    0.1851    0.2609   0.09672   0.03268   0.06753   0.03486   0.01493
   154/499     1.42G     0.056   0.04543   0.01489    0.1163        88       416    0.2274    0.3841    0.1804   0.07038    0.0604   0.03243   0.01304
   155/499     1.42G   0.06031   0.04323   0.01346     0.117        64       416    0.2485    0.3552    0.1652   0.05362   0.06492    0.0307   0.01338
   156/499     1.42G   0.06346   0.04317   0.01181    0.1184       146       416    0.3263    0.2779    0.2609   0.09976    0.0594   0.02965   0.01231
   157/499     1.42G   0.05729    0.0488   0.01278    0.1189        44       416    0.3533    0.3911    0.3426    0.1413   0.05513   0.03186   0.01204
   158/499     1.42G   0.05386    0.0425   0.01238    0.1087        57       416    0.4826    0.3879    0.3584    0.1496   0.05397    0.0303   0.01227
   159/499     1.42G   0.05746   0.05054   0.01163    0.1196       274       416    0.2839    0.3528    0.2793    0.1074   0.05834   0.03216    0.0123
   160/499     1.42G   0.05977   0.04855   0.01349    0.1218       118       416    0.4127    0.3423      0.32    0.1161   0.05608   0.03139   0.01158
   161/499     1.42G   0.05934   0.04702    0.0112    0.1176        83       416    0.4989    0.3595    0.3456    0.1217   0.05865   0.03067   0.01137
   162/499     1.42G   0.05403   0.04959   0.01102    0.1146       135       416    0.3745    0.4092    0.3209    0.1114   0.06171   0.03134    0.0108
   163/499     1.42G   0.05761   0.04654    0.0129     0.117        34       416    0.4351     0.419    0.3531    0.1347   0.05452   0.03021   0.01128
   164/499     1.42G   0.05624   0.04379   0.01061    0.1106        75       416    0.4161    0.3739    0.3384     0.135   0.05548   0.02821   0.01176
   165/499     1.42G   0.05417   0.04363   0.01191    0.1097        63       416    0.6808    0.3634    0.3923    0.1587   0.05336    0.0284   0.01243
   166/499     1.42G   0.05719   0.04044   0.01075    0.1084        82       416    0.4053    0.3989    0.3596    0.1486   0.05406   0.02949   0.01236
   167/499     1.42G   0.05921   0.04764   0.01289    0.1197       132       416    0.4212    0.3673    0.3269    0.1225   0.06149   0.02796   0.01202
   168/499     1.42G   0.06169   0.04798   0.01124    0.1209       157       416    0.4345    0.4239    0.3575    0.1422   0.05506   0.02983   0.01174
   169/499     1.42G   0.05828   0.04132   0.01112    0.1107        90       416    0.5826    0.3132    0.3607     0.134   0.05765   0.02884   0.01147
   170/499     1.42G   0.05237   0.04532   0.01215    0.1098       146       416    0.4107    0.4512    0.4079    0.1552   0.05466   0.02927   0.01174
   171/499     1.42G   0.05152   0.04562    0.0107    0.1078        78       416    0.8705    0.3028    0.3727    0.1454   0.05479   0.03097   0.01216
   172/499     1.42G   0.05228   0.04599   0.01185    0.1101       141       416    0.5783    0.4161    0.4146    0.1688    0.0528   0.02781    0.0122
   173/499     1.42G   0.05541   0.04795   0.01076    0.1141       101       416    0.5152    0.4447    0.4371    0.1756   0.05152   0.02685   0.01174
   174/499     1.42G   0.05219   0.04187   0.01133    0.1054       128       416    0.5542    0.4021    0.4075    0.1767   0.05072   0.02699   0.01147
   175/499     1.42G     0.054   0.04231   0.01141    0.1077        69       416    0.4124    0.4482    0.4057    0.1722   0.05048   0.02728   0.01117
   176/499     1.42G   0.05448   0.04575   0.01091    0.1111       102       416     0.395    0.5088    0.4139    0.1577   0.05164   0.02781   0.01081
   177/499     1.42G     0.052   0.04609  0.009272    0.1074       144       416    0.3565    0.5694    0.4612     0.194   0.05039   0.02651   0.01085
   178/499     1.42G   0.04732   0.03975  0.008719   0.09578        48       416    0.5765    0.4947    0.4784    0.2042   0.05046   0.02676   0.01111
   179/499     1.42G   0.05166   0.04524  0.009962    0.1069        96       416     0.441    0.5623    0.4784    0.2065   0.04989   0.02616   0.01075
   180/499     1.42G   0.05224   0.04345  0.008296     0.104        70       416    0.4854    0.5268    0.4854     0.181   0.05273   0.02702   0.01042
   181/499     1.42G   0.05278   0.04354    0.0101    0.1064        83       416    0.3731    0.5553    0.4414    0.1894    0.0516   0.02695   0.01074
   182/499     1.42G   0.05049   0.03738      0.01   0.09787        89       416    0.4737    0.5838    0.5319    0.2167    0.0494    0.0264  0.009917
   183/499     1.42G   0.05204   0.04674   0.00879    0.1076        83       416    0.5132    0.3989    0.4333    0.1715   0.05371   0.02815    0.0109
   184/499     1.42G   0.05284   0.04437  0.009618    0.1068        70       416     0.468    0.5576    0.4981    0.1976   0.05135   0.02642   0.01099
   185/499     1.42G     0.052   0.04496   0.01007     0.107        73       416     0.467    0.5412    0.4701    0.1959   0.05066   0.02557   0.01043
   186/499     1.42G   0.05341   0.04113  0.009135    0.1037        80       416    0.4897     0.593    0.5116    0.2173   0.04952   0.02527   0.01038
   187/499     1.42G   0.05632   0.04637  0.009068    0.1118        49       416    0.4655    0.4597    0.4269    0.1574   0.05736   0.02675   0.01095
   188/499     1.42G   0.05977   0.04684  0.009085    0.1157       139       416    0.6167    0.4451    0.4528    0.1988   0.05016   0.02676   0.01072
   189/499     1.42G   0.05888    0.0432  0.008247    0.1103        67       416    0.4051    0.5021    0.4273    0.1584   0.05413   0.02627    0.0106
   190/499     1.42G   0.05524    0.0441  0.007823    0.1072        83       416    0.4501    0.4571    0.4165    0.1938   0.04968   0.02558   0.01021
   191/499     1.42G   0.05308   0.04493  0.007354    0.1054       157       416    0.5081    0.5079    0.4488    0.1777   0.05165   0.02558   0.01052
   192/499     1.42G   0.05444    0.0388  0.008473    0.1017        61       416    0.5314    0.4949    0.4466    0.1944    0.0523   0.02552   0.01051
   193/499     1.42G   0.05534   0.03817  0.008069    0.1016       104       416    0.5768    0.4912    0.4868    0.1905   0.05263   0.02571   0.01041
   194/499     1.42G   0.05592   0.04182   0.00825     0.106        41       416    0.5384    0.4514    0.4714    0.2039   0.04875   0.02581   0.01006
   195/499     1.42G   0.04802   0.04159  0.007049   0.09665        65       416    0.4845    0.5662    0.4857    0.1988   0.04798   0.02635  0.009237
   196/499     1.42G   0.04865   0.04393  0.007674    0.1003        65       416     0.307    0.6021    0.4059    0.1619   0.05441   0.02749  0.009424
   197/499     1.42G   0.05159   0.04155  0.008447    0.1016        96       416    0.4375    0.5732    0.4466    0.1943      0.05   0.02532  0.008399
   198/499     1.42G   0.05002   0.03766  0.007292   0.09498        75       416    0.5126    0.5475    0.4868    0.2274   0.04753   0.02504  0.007928
   199/499     1.42G   0.05002   0.03918  0.007819   0.09703        97       416    0.6115    0.5482    0.5304    0.2244   0.04895   0.02532  0.007837
   200/499     1.42G   0.05827   0.04289  0.007873     0.109        71       416    0.4669    0.5025    0.4326    0.1413   0.05887   0.02897  0.009164
   201/499     1.42G   0.05167   0.04075  0.007764    0.1002        95       416    0.6089     0.445    0.4968    0.2189   0.04953   0.02663  0.008419
   202/499     1.42G   0.04889    0.0426  0.007395   0.09889        84       416    0.9017    0.3167    0.3881    0.1614   0.05167   0.03043   0.01131
   203/499     1.42G   0.04836   0.04532  0.008004    0.1017        70       416    0.8979    0.3169    0.3589    0.1529   0.05199   0.02971   0.01132
   204/499     1.42G   0.04913   0.04534  0.008796    0.1033       109       416    0.4066    0.4556    0.3662    0.1599   0.05098   0.02879   0.01046
   205/499     1.42G   0.04687   0.03707  0.007419   0.09136        61       416    0.5943    0.6095    0.5343    0.2135    0.0496   0.02638   0.01028
   206/499     1.42G   0.04731   0.04145  0.006505   0.09527       108       416    0.6972    0.6085    0.5991    0.2575    0.0484   0.02544  0.008331
   207/499     1.42G   0.04788   0.04304  0.008082     0.099        83       416    0.5705    0.5699     0.521    0.2126   0.05225   0.02649  0.008635
   208/499     1.42G    0.0532   0.04877  0.006626    0.1086       278       416    0.5621    0.6232    0.5474    0.2334   0.04931   0.02547  0.008389
   209/499     1.42G   0.04943   0.04203  0.007631   0.09909        87       416    0.5932    0.6201    0.5155    0.2315   0.04843   0.02782  0.008074
   210/499     1.42G     0.049   0.04253  0.007528   0.09906       123       416    0.6198    0.5165    0.5092    0.2017   0.05062   0.02647  0.008648
   211/499     1.42G   0.05026   0.03834  0.005805   0.09441        55       416    0.6975    0.4091    0.4655    0.1864   0.05275   0.02564  0.009114
   212/499     1.42G   0.05524   0.04688  0.005911     0.108       122       416    0.5369    0.4884    0.4524    0.1685   0.05206   0.02683  0.008591
   213/499     1.42G    0.0515    0.0443  0.006468    0.1023       111       416    0.4777    0.6053    0.5199    0.2193   0.04816   0.02577  0.008582
   214/499     1.42G   0.04592   0.03796  0.007734   0.09161       109       416    0.5359    0.4557    0.4519    0.1901   0.04868   0.02538   0.01072
   215/499     1.42G   0.04613   0.03657  0.005735   0.08843        73       416    0.6755    0.5513    0.5332    0.2373   0.04734    0.0257  0.009796
   216/499     1.42G   0.04743   0.04149  0.006678   0.09559       102       416     0.542    0.5769    0.5102    0.2021   0.05017   0.02729  0.007509
   217/499     1.42G   0.04812   0.04299  0.006914   0.09803        54       416    0.6289    0.5592    0.5596    0.2358   0.04648   0.02622  0.007545
   218/499     1.42G   0.04808   0.04368  0.006635   0.09839       119       416    0.5634    0.5732    0.5536    0.2508   0.04521   0.02524  0.007018
   219/499     1.42G   0.04518   0.03461  0.005091   0.08488        40       416    0.5016    0.5926    0.5318    0.2331   0.04678    0.0246  0.007957
   220/499     1.42G   0.04497   0.04158  0.006643    0.0932        63       416    0.4868    0.5583    0.5202    0.2435   0.04502   0.02474  0.009255
   221/499     1.42G   0.04616   0.04171  0.006061   0.09393       103       416     0.548    0.5735     0.533    0.2284   0.05004   0.02532  0.007591
   222/499     1.42G   0.04636   0.04026  0.006245   0.09286        56       416    0.6091    0.5375    0.5416    0.2293   0.04614   0.02522  0.009416
   223/499     1.42G   0.04807   0.03937  0.005891   0.09333       123       416    0.6099    0.5187    0.5176    0.2131   0.04887     0.025   0.01015
   224/499     1.42G   0.04952   0.04184  0.007068   0.09843        70       416    0.5673    0.6873    0.5925    0.2444   0.04626   0.02511  0.007369
   225/499     1.42G   0.04566   0.04028  0.005969   0.09191        74       416    0.6076    0.6732      0.59    0.2684   0.04798   0.02526  0.006968
   226/499     1.42G    0.0449    0.0465  0.006367   0.09777       102       416    0.4958    0.6556    0.5333    0.2092   0.05119   0.02648  0.007486
   227/499     1.42G   0.05131   0.04004  0.005688   0.09703        79       416    0.6487    0.6595     0.573    0.2434   0.05061   0.02592  0.008037
   228/499     1.42G   0.05379    0.0424  0.006356    0.1025        59       416    0.5213    0.6912    0.5571    0.2518   0.04824   0.02609   0.00661
   229/499     1.42G   0.04783    0.0379   0.00611   0.09184        70       416    0.4281    0.6158    0.4708    0.2002   0.04875   0.02514  0.009928
   230/499     1.42G    0.0531   0.04462  0.006191    0.1039        97       416    0.5778    0.6197    0.5347    0.2531   0.04571   0.02505  0.008007
   231/499     1.42G   0.04849   0.03839  0.006391   0.09327        71       416    0.5049    0.4764     0.453    0.1858   0.04924   0.02508  0.009988
   232/499     1.42G   0.04878   0.03863  0.006114   0.09353        58       416    0.5841    0.5298    0.5033    0.2209   0.04625   0.02536  0.009467
   233/499     1.42G   0.04348   0.03638  0.005951   0.08582        67       416    0.5863    0.5127    0.5553    0.2514   0.04548   0.02439  0.007552
   234/499     1.42G   0.04644   0.03992  0.005723   0.09208        45       416    0.6885    0.5518    0.5968    0.2748   0.04453   0.02468  0.007199
   235/499     1.42G   0.04691   0.03874  0.005461   0.09111        51       416    0.5623    0.6268    0.5704     0.239   0.04858   0.02443   0.00696
   236/499     1.42G   0.04738   0.03631  0.005451   0.08914        39       416    0.4752    0.6219    0.5182    0.2431   0.04617   0.02671  0.008483
   237/499     1.42G   0.04999   0.03898  0.006162   0.09513       129       416    0.6696    0.5915    0.5683    0.2648   0.04711   0.02496  0.008252
   238/499     1.42G   0.04713   0.04388  0.005524   0.09654       121       416    0.4944    0.6803    0.5749    0.2722   0.04501    0.0252  0.006504
   239/499     1.42G   0.04406   0.04347  0.006373   0.09389        73       416    0.6685    0.5521    0.5846    0.2866   0.04568   0.02525  0.006346
   240/499     1.42G   0.04455   0.03733   0.00602   0.08789        77       416    0.6038    0.6091    0.5445    0.2479   0.04673    0.0251  0.007754
   241/499     1.42G   0.04433   0.03977  0.005163   0.08926        82       416    0.7125    0.6052    0.5924    0.2591   0.04796   0.02475  0.007781
   242/499     1.42G   0.04467   0.03498  0.005454   0.08511        52       416    0.7225    0.5134    0.5549     0.247   0.04796   0.02486  0.008037
   243/499     1.42G   0.04315   0.03663  0.005103   0.08489        78       416    0.7305    0.5947    0.5942    0.2733   0.04667   0.02466   0.00682
   244/499     1.42G   0.04679   0.03873  0.005695   0.09122        85       416    0.5785     0.591     0.534    0.2449   0.04693   0.02541  0.006808
   245/499     1.42G   0.04577   0.03961  0.005165   0.09054        74       416     0.534    0.5232    0.4942    0.2204    0.0487   0.02632  0.008371
   246/499     1.42G   0.04329   0.03875  0.005086   0.08713       100       416    0.6051    0.6086    0.6018    0.2779   0.04719   0.02446  0.006995
   247/499     1.42G   0.04451   0.04367  0.005417    0.0936        65       416    0.5286    0.6521    0.5603    0.2535   0.04871   0.02479  0.007189
   248/499     1.42G   0.04601   0.04252  0.006187   0.09472        90       416    0.5932    0.5126     0.521     0.235   0.04931   0.02527  0.008418
   249/499     1.42G   0.04339   0.03817  0.004925   0.08649        68       416    0.7247    0.4758    0.5234     0.249   0.04561   0.02451  0.008921
   250/499     1.42G   0.04411   0.03858  0.005392   0.08808        60       416    0.6596    0.5732    0.5808     0.262   0.04409   0.02342  0.007361
   251/499     1.42G   0.04672    0.0396   0.00474   0.09107        69       416    0.6975    0.6015    0.6467    0.2767   0.04753   0.02441  0.006629
   252/499     1.42G   0.05072   0.04545  0.005822     0.102        95       416    0.5803    0.6229    0.5876    0.2808   0.04455   0.02418  0.007116
   253/499     1.42G   0.04682   0.03655  0.004642   0.08801        59       416    0.7259    0.5268    0.5689    0.2721   0.04537   0.02455  0.007107
   254/499     1.42G   0.04149   0.03889  0.004663   0.08504        95       416    0.5141    0.7479    0.6033    0.2994   0.04288   0.02416  0.006813
   255/499     1.42G   0.04553   0.04206  0.004908    0.0925        72       416    0.6417    0.6193    0.6059    0.3039   0.04542   0.02492  0.006144
   256/499     1.42G   0.04678   0.04366   0.00527   0.09571       110       416     0.578    0.6088    0.5589    0.2496   0.04454   0.02433  0.007854
   257/499     1.42G   0.04413   0.03818  0.005502    0.0878        87       416    0.6455    0.4842    0.5215    0.2165   0.04921   0.02467  0.007202
   258/499     1.42G   0.04608   0.03755  0.004772    0.0884        99       416    0.6735    0.5706    0.5757    0.2881    0.0433    0.0242  0.006847
   259/499     1.42G   0.04343   0.03759  0.004515   0.08553        56       416    0.5858    0.6338    0.5849    0.2825   0.04329     0.024  0.006185
   260/499     1.42G   0.04078   0.04137  0.004625   0.08678       107       416    0.6203    0.5912    0.6008    0.2888   0.04426   0.02485  0.006117
   261/499     1.42G    0.0459   0.04039  0.004974   0.09126        91       416    0.7057    0.5342    0.5829     0.306   0.04325   0.02434  0.006244
   262/499     1.42G   0.04423   0.03904   0.00546   0.08873        56       416    0.6078    0.6056     0.576    0.2769   0.04435   0.02523  0.005749
   263/499     1.42G   0.04362   0.03806  0.004823    0.0865        65       416    0.7229     0.563    0.6048    0.2974   0.04387   0.02459  0.006586
   264/499     1.42G    0.0398   0.02929  0.003529   0.07262        35       416    0.6568    0.5616    0.5575    0.2451   0.04524   0.02536  0.008677
   265/499     1.42G   0.04137   0.03946  0.004509   0.08533        83       416    0.6923    0.6053    0.6267    0.2738    0.0436    0.0243   0.00757
   266/499     1.42G   0.04458   0.03922  0.005117   0.08892        95       416    0.5739    0.6947     0.608    0.2786   0.04476   0.02474  0.007893
   267/499     1.42G   0.03994   0.03786  0.004365   0.08217       119       416    0.6384    0.5497    0.5989    0.2765   0.04492   0.02459  0.007806
   268/499     1.42G   0.04295   0.03806  0.004457   0.08547       100       416    0.6214    0.5731    0.6189    0.2867   0.04508   0.02478  0.007162
   269/499     1.42G   0.04344     0.032  0.004544   0.07998        60       416    0.6655    0.6233    0.6263    0.2971    0.0456   0.02473  0.009268
   270/499     1.42G   0.04313   0.03972  0.004786   0.08763        96       416     0.785    0.5911    0.6665    0.3077   0.04562    0.0253  0.007221
   271/499     1.42G    0.0406   0.03723  0.005012   0.08284        54       416     0.652    0.6246    0.6235    0.3112   0.04466   0.02497  0.007586
   272/499     1.42G   0.04126   0.03593   0.00431   0.08151        44       416    0.6845    0.6022    0.6124      0.31   0.04398   0.02425  0.007907
   273/499     1.42G   0.04265   0.03712  0.004216   0.08399        70       416    0.6107    0.6362    0.5898    0.2816   0.04469   0.02414  0.007926
   274/499     1.42G    0.0418   0.03916  0.004082   0.08504       111       416     0.758     0.534    0.5964    0.2802   0.04409    0.0242  0.007979
   275/499     1.42G   0.04146   0.03567  0.005032   0.08216        93       416    0.6166    0.6627    0.6055    0.2724   0.04478   0.02409  0.008299
   276/499     1.42G   0.04266   0.03713  0.004707    0.0845        88       416     0.764     0.538    0.6076    0.2923   0.04422   0.02418  0.007655
   277/499     1.42G   0.04198   0.03752  0.003634   0.08313        82       416    0.6638    0.6018    0.6248    0.2769   0.04389   0.02364  0.007802
   278/499     1.42G   0.04426   0.03748  0.005231   0.08697        53       416    0.5776    0.6331    0.5919    0.2646   0.04416   0.02355   0.00786
   279/499     1.42G   0.04032   0.03814  0.004348   0.08281        46       416    0.7978    0.5449    0.6037    0.2819   0.04433   0.02402  0.007315
   280/499     1.42G   0.04118   0.03782  0.004359   0.08336       106       416    0.7295    0.5239    0.6011    0.2958   0.04405   0.02475  0.007286
   281/499     1.42G   0.03918   0.03221  0.004023   0.07541        70       416    0.5736    0.6229    0.5777    0.2742   0.04328   0.02425  0.007649
   282/499     1.42G   0.04234   0.04042  0.004528   0.08729        92       416    0.6399    0.5799    0.5985    0.2787   0.04314   0.02464  0.007765
   283/499     1.42G   0.03972   0.03769   0.00414   0.08155        72       416    0.7266    0.5086    0.5952      0.28    0.0434   0.02464  0.006631
   284/499     1.42G   0.03879   0.03527  0.003439   0.07751        65       416    0.7327    0.4877    0.5962    0.2816   0.04349   0.02426   0.00681
   285/499     1.42G    0.0396   0.03335   0.00505   0.07801        64       416    0.5713    0.6406    0.5732    0.2706   0.04484   0.02426   0.00706
   286/499     1.42G   0.04197   0.03617  0.004834   0.08297        65       416    0.7317     0.509    0.5569    0.2727   0.04587   0.02406  0.007785
   287/499     1.42G   0.04022   0.03897  0.004203    0.0834        90       416    0.6292    0.4986    0.5402    0.2748   0.04517   0.02491  0.006545
   288/499     1.42G   0.04214   0.03988  0.004002   0.08603        96       416    0.6753    0.6172    0.6018    0.2618   0.04895   0.02455  0.006134
   289/499     1.42G   0.04228   0.03359  0.003768   0.07964       114       416    0.7336    0.5841    0.6311    0.3031   0.04477   0.02394   0.00716
   290/499     1.42G   0.04543   0.03903  0.004496   0.08896        86       416    0.6604    0.6412    0.6117    0.3027    0.0431   0.02318  0.007194
   291/499     1.42G   0.04223   0.03967  0.004308   0.08621        83       416    0.6382    0.6412    0.6377    0.3104   0.04476   0.02365  0.007416
   292/499     1.42G   0.04096   0.03688  0.004323   0.08216        81       416     0.649    0.6765    0.6353    0.3136    0.0426   0.02347   0.00689
   293/499     1.42G   0.03901   0.03813  0.003858     0.081        90       416    0.6979    0.5644    0.5987    0.2905   0.04395    0.0238   0.00754
   294/499     1.42G   0.04038   0.03814  0.003944   0.08246       110       416    0.5907     0.637    0.5732    0.2699   0.04342   0.02394  0.007877
   295/499     1.42G   0.03947    0.0374   0.00434    0.0812        94       416    0.5673    0.5944    0.5499    0.2533   0.04602   0.02479  0.007894
   296/499     1.42G   0.04021   0.03362  0.004134   0.07796       113       416     0.595    0.5873    0.5677    0.2689    0.0446   0.02435  0.009217
   297/499     1.42G   0.04376   0.04113  0.003637   0.08853        67       416    0.6057    0.5412    0.5529    0.2718   0.04471   0.02461  0.008274
   298/499     1.42G     0.039   0.03663  0.003602   0.07923       114       416    0.6076    0.5339    0.5447     0.261   0.04368   0.02414  0.009357
   299/499     1.42G   0.04198   0.04456  0.004198   0.09074       110       416     0.645    0.5471    0.5584    0.2572   0.04616   0.02449  0.009245
   300/499     1.42G   0.03908   0.03314  0.003486    0.0757        58       416    0.7024    0.5697    0.5849    0.2753   0.04369   0.02456  0.009974
   301/499     1.42G   0.04211   0.03743  0.004109   0.08365       187       416    0.7029    0.5784    0.6063    0.2868   0.04383    0.0246   0.00908
   302/499     1.42G   0.04084   0.03477   0.00365   0.07926        66       416    0.7349    0.5235    0.5699    0.2805   0.04445   0.02443  0.008047
   303/499     1.42G   0.04112   0.03521  0.004456   0.08079        79       416    0.5658      0.69    0.5814     0.294   0.04258   0.02367  0.006804
   304/499     1.42G   0.04065   0.03432  0.003558   0.07853        72       416    0.6018    0.6623    0.5976    0.2823   0.04601    0.0241  0.005954
   305/499     1.42G    0.0408   0.03435  0.003636   0.07878        86       416    0.7218    0.5694    0.6157    0.3006   0.04343   0.02363    0.0062
   306/499     1.42G   0.04265   0.03585  0.003909   0.08242        77       416    0.7178    0.5944    0.6438    0.2975   0.04369   0.02349  0.006154
   307/499     1.42G   0.04135   0.03356   0.00416   0.07907        96       416    0.8623    0.6053    0.6815    0.3246   0.04146   0.02307  0.006578
   308/499     1.42G   0.04363   0.03715  0.004682   0.08545        48       416    0.7352    0.5169    0.6104    0.2781   0.04549   0.02426  0.007819
   309/499     1.42G   0.04303   0.03648  0.005273   0.08478        57       416    0.6826     0.694    0.6692    0.3323   0.04219   0.02356  0.005847
   310/499     1.42G     0.042    0.0406   0.00492   0.08753       138       416    0.6342    0.6444    0.6274    0.2846   0.04475   0.02456  0.006234
   311/499     1.42G   0.04112    0.0392  0.003771   0.08409       172       416    0.6596    0.5944    0.5753    0.2639   0.04473   0.02454  0.006887
   312/499     1.42G    0.0405   0.03618  0.004426    0.0811        81       416    0.7575    0.5447    0.6047     0.284   0.04462   0.02352  0.006482
   313/499     1.42G   0.03678   0.03671  0.003433   0.07692        90       416    0.7336    0.6411    0.6362    0.3101   0.04215   0.02289  0.007831
   314/499     1.42G   0.03953   0.03748  0.003515   0.08053       125       416    0.6646    0.6334    0.5924    0.2726   0.04206   0.02313  0.008362
   315/499     1.42G   0.03991   0.03959  0.004512   0.08401        75       416    0.7895    0.6312    0.6497    0.2911   0.04242   0.02321  0.007107
   316/499     1.42G   0.03942   0.03756  0.003977   0.08095       116       416    0.7258    0.5978    0.6358    0.2999   0.04231   0.02325  0.007027
   317/499     1.42G   0.03877   0.03186  0.003903   0.07453        85       416    0.7437    0.5805    0.6039    0.2767   0.04372    0.0241   0.00721
   318/499     1.42G   0.04037   0.04245   0.00404   0.08686       101       416    0.6089     0.684    0.6303    0.2923   0.04229   0.02417  0.005793
   319/499     1.42G   0.04004   0.03646  0.004114   0.08061        66       416     0.604    0.7083    0.6528    0.2915   0.04335   0.02405  0.005935
   320/499     1.42G    0.0422   0.03831  0.004115   0.08462       105       416    0.7882    0.5806    0.6395    0.3074   0.04222   0.02372  0.005722
   321/499     1.42G   0.04039    0.0392  0.004179   0.08376       147       416    0.7929    0.5377    0.5893    0.2806   0.04315   0.02392  0.006715
   322/499     1.42G    0.0401   0.03735   0.00396   0.08141        75       416    0.6657     0.583    0.5712     0.282   0.04331   0.02354  0.008351
   323/499     1.42G   0.03915   0.03575  0.003674   0.07857       101       416    0.8088    0.5053    0.5587    0.2775   0.04289   0.02359  0.008534
   324/499     1.42G   0.03957   0.03499  0.003566   0.07812        89       416    0.8024    0.4764    0.5437     0.243   0.04518   0.02407  0.008407
   325/499     1.42G   0.03732   0.02743  0.003157   0.06791        54       416    0.7222    0.5197    0.5642     0.284   0.04298   0.02378  0.008461
   326/499     1.42G    0.0387   0.03819  0.003758   0.08065        37       416    0.7013    0.5643    0.5784    0.2733   0.04454   0.02466  0.007814
   327/499     1.42G   0.03783   0.03601  0.002764    0.0766       118       416    0.6484     0.637    0.6208    0.3024   0.04336   0.02462  0.005999
   328/499     1.42G   0.03726   0.03323  0.003479   0.07396        52       416    0.7953    0.5808     0.651    0.3168   0.04275   0.02383  0.005664
   329/499     1.42G     0.038   0.03909  0.003669   0.08076       118       416    0.7163    0.5768    0.6002    0.2892   0.04302   0.02374  0.008221
   330/499     1.42G   0.03663   0.03165   0.00326   0.07154        85       416    0.7534    0.5199    0.5859    0.2853   0.04258   0.02316  0.009542
   331/499     1.42G   0.03856   0.03134  0.003535   0.07344        44       416    0.6457    0.6447    0.6237    0.3094   0.04438   0.02367  0.008076
   332/499     1.42G    0.0413   0.03728  0.002869   0.08145        91       416    0.6167    0.6832    0.6106    0.2946   0.04353   0.02447  0.007008
   333/499     1.42G   0.03722   0.03136  0.003183   0.07176        80       416    0.6717    0.6336    0.6225     0.318   0.04375   0.02483  0.006328
   334/499     1.42G   0.03745   0.03568  0.003428   0.07656        55       416    0.7137    0.6092    0.6401    0.3155   0.04169   0.02334  0.007295
   335/499     1.42G   0.03773   0.03199   0.00381   0.07354        66       416    0.7769    0.5951    0.6529    0.3339   0.04234    0.0233  0.007966
   336/499     1.42G   0.03772   0.03721  0.003728   0.07866       109       416    0.7239    0.6726    0.6923     0.329   0.04128   0.02301  0.006552
   337/499     1.42G   0.04169   0.03782  0.003665   0.08318       189       416    0.7875    0.6321    0.6717     0.304   0.04256   0.02341  0.006316
   338/499     1.42G   0.03749   0.03158  0.004307   0.07338        49       416    0.6348    0.6623    0.5922    0.2911   0.04266   0.02397   0.00808
   339/499     1.42G   0.03826   0.03544  0.004511   0.07821       132       416    0.7373    0.6264    0.6312    0.2839   0.04312   0.02402  0.006375
   340/499     1.42G   0.03984   0.04108  0.004233   0.08515        94       416    0.6405    0.6658    0.5982    0.2824   0.04514    0.0263  0.005072
   341/499     1.42G   0.03792   0.03419  0.003872   0.07598        39       416    0.8267    0.5408    0.5947    0.2773    0.0429   0.02458  0.006546
   342/499     1.42G   0.03717   0.03568  0.002753    0.0756        74       416    0.6514     0.623    0.6069    0.2941   0.04214   0.02267  0.007587
   343/499     1.42G   0.03725   0.03454   0.00372   0.07551        89       416    0.6416    0.5855    0.6036     0.284   0.04212   0.02252  0.008492
   344/499     1.42G   0.03649   0.03022   0.00348   0.07018        65       416    0.5428    0.6821    0.5518    0.2872    0.0416   0.02256  0.009375
   345/499     1.42G   0.03761   0.03108  0.003802   0.07249        77       416    0.7335    0.5954    0.6187    0.3113   0.04075   0.02276  0.008269
   346/499     1.42G   0.03654   0.03353  0.004216   0.07429        87       416    0.7224    0.5627    0.6377    0.3372   0.04119   0.02303  0.007562
   347/499     1.42G   0.03729   0.03662  0.003098   0.07701        78       416    0.7671    0.6051    0.6467    0.3179   0.04125     0.023  0.007311
   348/499     1.42G   0.03756   0.03046  0.002977     0.071        51       416    0.5897    0.5897    0.5536    0.2786   0.04309   0.02339  0.007848
   349/499     1.42G   0.03711   0.03548  0.003405     0.076        99       416    0.7188    0.4912     0.569    0.2826   0.04272   0.02328  0.007923
   350/499     1.42G   0.03649    0.0318  0.002792   0.07108        51       416    0.6685    0.5944    0.5932    0.2888   0.04289   0.02324  0.006828
   351/499     1.42G   0.03695   0.03378  0.003404   0.07413        57       416    0.6561    0.5838    0.6066    0.2757   0.04499   0.02337  0.006556
   352/499     1.42G   0.03809   0.03221  0.003128   0.07342        57       416    0.6145     0.682    0.6116    0.2973   0.04211   0.02279   0.00652
   353/499     1.42G   0.04079   0.03476  0.003549    0.0791       101       416    0.6375    0.5764    0.6211    0.2758   0.04314    0.0228  0.007491
   354/499     1.42G   0.03684   0.03259  0.003483   0.07291        39       416    0.7084    0.6408    0.6666     0.324   0.04192   0.02286  0.006347
   355/499     1.42G   0.03958   0.03349  0.002936     0.076        78       416    0.7346    0.6126    0.6699    0.3202   0.04406   0.02325  0.006146
   356/499     1.42G   0.03972   0.03605  0.002937   0.07871       102       416    0.6682    0.6694    0.6716    0.3315   0.04273   0.02349  0.006472
   357/499     1.42G   0.03671   0.03395   0.00291   0.07357        93       416    0.6981    0.6908    0.6699    0.3362   0.04225   0.02339  0.006044
   358/499     1.42G   0.03491   0.03324  0.002824   0.07097        54       416    0.7875    0.6127    0.6484    0.3264   0.04088   0.02292  0.006861
   359/499     1.42G   0.03728   0.03336  0.003488   0.07412        63       416    0.7753    0.6017    0.6509    0.3287   0.04186   0.02307   0.00742
   360/499     1.42G   0.03911   0.03409  0.002957   0.07616        85       416    0.6044    0.6734    0.6619    0.3189   0.04164    0.0233  0.006986
   361/499     1.42G    0.0398   0.03669  0.003111   0.07961        57       416    0.6983    0.6836    0.6909     0.351   0.04315   0.02408  0.005159
   362/499     1.42G   0.03873   0.03661  0.003462    0.0788        85       416     0.729    0.6372    0.6847     0.349   0.04169   0.02364  0.005656
   363/499     1.42G   0.03848   0.03692  0.002827   0.07823       259       416    0.9253    0.5451    0.6981    0.3397   0.04143   0.02264  0.005792
   364/499     1.42G    0.0392   0.03508  0.003159   0.07744        60       416    0.7892    0.5841     0.682    0.3364   0.04167   0.02286  0.006207
   365/499     1.42G   0.03571   0.03275  0.003433   0.07189       131       416    0.7708     0.575    0.6628    0.3476   0.04027    0.0228  0.006417
   366/499     1.42G   0.03532   0.03096  0.002458   0.06874        87       416    0.8526    0.5695    0.6545    0.3315   0.04041   0.02287  0.006356
   367/499     1.42G    0.0357    0.0298  0.003149   0.06865        76       416     0.743    0.6152    0.6308    0.3213   0.04157   0.02313  0.006479
   368/499     1.42G   0.03675    0.0342  0.003766   0.07471        89       416    0.7047    0.6299    0.6561    0.3286   0.04166   0.02309   0.00557
   369/499     1.42G   0.03458   0.03501  0.002626   0.07221        88       416    0.7604    0.6479    0.6792     0.329   0.04074   0.02331  0.005573
   370/499     1.42G   0.03843   0.03504  0.002446   0.07592        42       416    0.6965    0.6549    0.6378    0.3067   0.04085   0.02348  0.006315
   371/499     1.42G   0.03946   0.03559   0.00313   0.07819        93       416    0.7916    0.6038    0.6528    0.3233    0.0416   0.02358  0.005793
   372/499     1.42G   0.03646   0.03078  0.002551    0.0698        47       416    0.6426    0.7011    0.6549    0.3261    0.0414   0.02314  0.005862
   373/499     1.42G   0.04134   0.03638  0.002797   0.08052       184       416    0.6842    0.6944    0.6608    0.3439   0.04235   0.02315  0.005902
   374/499     1.42G   0.03814   0.03259  0.003238   0.07397       102       416    0.7228    0.6482     0.642    0.3399   0.04204   0.02363  0.006423
   375/499     1.42G   0.03621   0.03462  0.003026   0.07386        65       416    0.7461    0.6226    0.6424    0.3204   0.04225   0.02384  0.006354
   376/499     1.42G   0.03629    0.0329  0.003357   0.07255       141       416     0.753    0.6092    0.6496    0.3365   0.04165   0.02367  0.006543
   377/499     1.42G   0.03751   0.03225  0.003133    0.0729        56       416    0.7098    0.6197    0.6618      0.34   0.04126   0.02323  0.008053
   378/499     1.42G   0.03491   0.03173  0.002848   0.06949        84       416    0.6871    0.6925    0.6513    0.3301   0.04177   0.02339  0.007996
   379/499     1.42G   0.03361   0.03334  0.002039   0.06899        78       416     0.721    0.6627    0.6656    0.3571   0.04061   0.02323  0.007248
   380/499     1.42G   0.03854   0.03764  0.002929   0.07911        87       416     0.822    0.6063    0.6804     0.353   0.04205   0.02372  0.006724
   381/499     1.42G   0.03712   0.03348  0.002849   0.07344        53       416    0.7565    0.6518    0.6949    0.3569   0.04153   0.02347  0.006398
   382/499     1.42G    0.0376   0.03793  0.003124   0.07866       125       416    0.7387    0.6193    0.6611    0.3525   0.04136   0.02363  0.005897
   383/499     1.42G    0.0353   0.03426  0.003401   0.07296       120       416    0.8173    0.5835     0.665    0.3481   0.04205   0.02361  0.006053
   384/499     1.42G   0.03621   0.03896  0.003374   0.07854        99       416    0.8334    0.5662    0.6519    0.3278   0.04227   0.02357  0.006585
   385/499     1.42G   0.03617   0.03369  0.003329   0.07319        59       416    0.6956    0.5621    0.6088    0.3026   0.04176    0.0235  0.008108
   386/499     1.42G   0.03566   0.03383   0.00281    0.0723        77       416     0.753    0.6334    0.6555    0.3431   0.04174   0.02317  0.007669
   387/499     1.42G   0.03898   0.03751  0.003354   0.07985       137       416    0.7801    0.6137    0.6769    0.3501   0.04077   0.02337  0.008495
   388/499     1.42G   0.03753    0.0302  0.002989   0.07072        71       416    0.7885    0.5997    0.6452    0.3284   0.04372   0.02384  0.007016
   389/499     1.42G   0.03919   0.03577  0.002667   0.07762        93       416    0.8006    0.6018    0.6557    0.3299   0.04148   0.02372  0.005691
   390/499     1.42G   0.03446   0.03389  0.002924   0.07128        71       416    0.7797    0.5901    0.6472    0.3392    0.0413   0.02355  0.006189
   391/499     1.42G   0.03625   0.03357  0.002633   0.07244        82       416    0.6075    0.6975    0.6346    0.3326   0.04244   0.02368  0.006654
   392/499     1.42G   0.04021   0.03499  0.003469   0.07866       157       416     0.595    0.6979    0.6241    0.3223   0.04167   0.02353  0.007689
   393/499     1.42G   0.03733   0.03222  0.003224   0.07277        74       416    0.6236    0.6549    0.6309    0.3452   0.04107   0.02303  0.009087
   394/499     1.42G    0.0358   0.02953  0.002766    0.0681        63       416    0.7174    0.5947    0.6354    0.3369   0.04133   0.02303  0.009514
   395/499     1.42G   0.03637   0.03404  0.003131   0.07354       108       416    0.6753    0.5982    0.6294    0.3475   0.04064   0.02268   0.00893
   396/499     1.42G   0.03495   0.02866  0.002535   0.06615        38       416    0.6273    0.6803    0.6483    0.3532   0.04046   0.02271  0.008322
   397/499     1.42G   0.03408   0.02879  0.002451   0.06532        39       416    0.7027    0.6266    0.6395     0.339   0.04048   0.02282  0.008315
   398/499     1.42G   0.03713   0.03487   0.00269   0.07469        57       416    0.6523     0.643     0.627    0.3119   0.04139   0.02311  0.007799
   399/499     1.42G   0.03566   0.03355  0.003078   0.07229        63       416    0.6494    0.6484    0.6343    0.3028   0.04132    0.0235  0.007896
   400/499     1.42G   0.03456   0.03198   0.00251   0.06906        75       416    0.6315    0.6548    0.6185    0.2985   0.04117   0.02361  0.008571
   401/499     1.42G    0.0371   0.03378  0.002241   0.07312        69       416    0.6034     0.624    0.5878      0.29   0.04124   0.02343   0.00893
   402/499     1.42G    0.0367   0.03513  0.002712   0.07454        83       416    0.6055    0.6081    0.5801    0.2913     0.041   0.02318  0.008833
   403/499     1.42G   0.03373    0.0336   0.00237    0.0697        90       416    0.6089     0.612    0.5873    0.2859   0.04102   0.02313  0.008359
   404/499     1.42G   0.03255   0.02828  0.002093   0.06292        56       416    0.7574    0.6088    0.6381    0.3195   0.04071   0.02271  0.006916
   405/499     1.42G   0.03464    0.0356  0.002898   0.07313       107       416    0.7262    0.6406    0.6603    0.3258   0.04068   0.02248  0.006822
   406/499     1.42G   0.03519   0.03678   0.00291   0.07488       223       416     0.746    0.6303    0.6998      0.35   0.04029   0.02217  0.006809
   407/499     1.42G   0.03372   0.03082    0.0028   0.06734        65       416    0.7167    0.6623    0.6715    0.3459   0.04096    0.0224  0.006908
   408/499     1.42G   0.03402   0.03145  0.002735    0.0682        57       416    0.6739    0.6908    0.6415    0.3405   0.04109   0.02291  0.007023
   409/499     1.42G    0.0325   0.02827  0.002168   0.06295        55       416    0.6667     0.663    0.6388    0.3496   0.04112   0.02295  0.007136
   410/499     1.42G   0.03357   0.02746  0.003326   0.06436        63       416    0.6917    0.6658     0.667    0.3503    0.0415   0.02288  0.006409
   411/499     1.42G   0.03348   0.02797  0.003303   0.06475        58       416    0.7753    0.6335    0.6567    0.3483   0.04114   0.02288  0.006217
   412/499     1.42G   0.03491   0.03415  0.003201   0.07226       172       416    0.7412    0.6514    0.6538    0.3276   0.04136   0.02335  0.006646
   413/499     1.42G   0.03555   0.03579  0.003485   0.07482       127       416    0.8364    0.6009    0.6482    0.3335   0.04214   0.02394  0.006457
   414/499     1.42G   0.03502   0.03163  0.002833   0.06948       121       416     0.865     0.591    0.6375    0.3249   0.04224   0.02358  0.007297
   415/499     1.42G   0.03503    0.0352  0.002761   0.07299        99       416     0.623    0.6229    0.5905     0.304   0.04157   0.02331  0.008002
   416/499     1.42G   0.03481   0.03206  0.002378   0.06926       101       416    0.6957    0.5401    0.5713    0.2839   0.04207   0.02387  0.008668
   417/499     1.42G    0.0325    0.0296  0.002072   0.06417        76       416     0.682    0.5658    0.5761    0.2826   0.04149   0.02406  0.008248
   418/499     1.42G   0.03435   0.03048  0.002256   0.06709       125       416    0.8339    0.5306     0.616    0.3068   0.04155   0.02381   0.00757
   419/499     1.42G   0.03578   0.03843   0.00248   0.07669       185       416    0.6977    0.5838    0.6103    0.2951   0.04137   0.02388  0.007311
   420/499     1.42G   0.03592   0.03402   0.00285   0.07279        80       416    0.8174    0.6197    0.6779    0.3504   0.04025   0.02366   0.00654
   421/499     1.42G   0.03458    0.0323  0.002445   0.06933       104       416    0.7328    0.6482    0.6856    0.3506   0.04083   0.02337  0.007351
   422/499     1.42G   0.03474   0.03362   0.00284    0.0712        91       416    0.7783    0.6088    0.6788    0.3497   0.04177   0.02374  0.007621
   423/499     1.42G   0.03791    0.0398  0.002884   0.08059       192       416    0.7438    0.6318    0.6708    0.3571    0.0416   0.02397  0.006842
   424/499     1.42G   0.03257   0.03105  0.002454   0.06607        60       416    0.7265    0.6232    0.6638    0.3531   0.04123   0.02375  0.006311
   425/499     1.42G   0.03364   0.03086  0.002675   0.06717        97       416    0.7777    0.5592    0.6447     0.349   0.04091   0.02359   0.00681
   426/499     1.42G   0.03356    0.0322  0.002246     0.068       116       416    0.6317    0.6762    0.6574    0.3578   0.04116    0.0232  0.006856
   427/499     1.42G   0.03313   0.03022  0.002867   0.06622        78       416    0.7213    0.6518    0.6482    0.3422   0.04184   0.02336  0.006828
   428/499     1.42G   0.03475   0.03533   0.00245   0.07253        83       416      0.78    0.5771    0.6413    0.3416   0.04225   0.02354  0.007398
   429/499     1.42G   0.03487   0.03474  0.003184   0.07279       110       416    0.6998    0.6058    0.6448    0.3394   0.04188   0.02291  0.007813
   430/499     1.42G   0.03305   0.03194  0.002615    0.0676        52       416    0.6027    0.6257    0.6084    0.3076   0.04123     0.023  0.008783
   431/499     1.42G   0.03528   0.03527  0.003222   0.07377       107       416    0.7283    0.5342    0.5879    0.3064   0.04121   0.02322  0.009169
   432/499     1.42G   0.03284   0.03027  0.002493    0.0656        47       416    0.6483    0.6018    0.5882    0.2914   0.04237   0.02371  0.009438
   433/499     1.42G   0.03558   0.03011  0.002623   0.06832        70       416    0.7414    0.5771    0.5989    0.3095   0.04145   0.02354  0.009278
   434/499     1.42G   0.03482   0.03412  0.002866   0.07181        62       416    0.7451     0.609    0.6153    0.3221   0.04213   0.02361  0.008195
   435/499     1.42G   0.03569   0.03586  0.002769   0.07432       151       416    0.7549    0.5877    0.6096    0.3123    0.0423   0.02347  0.007984
   436/499     1.42G   0.03461   0.03062  0.003168    0.0684        95       416    0.6752    0.6264     0.607    0.3064   0.04185   0.02336  0.008242
   437/499     1.42G   0.03432   0.03519  0.002985    0.0725       115       416    0.6195    0.6337    0.5917    0.3096   0.04222   0.02344  0.008887
   438/499     1.42G   0.03528    0.0312  0.002672   0.06915        78       416    0.6222    0.6372    0.6058    0.3106   0.04217   0.02334  0.008976
   439/499     1.42G   0.03109   0.02971  0.002271   0.06307        72       416    0.7074    0.5881    0.6097    0.3132   0.04168   0.02328   0.00833
   440/499     1.42G   0.03579   0.03216  0.002652    0.0706       118       416    0.7733    0.5912    0.6279    0.3273   0.04127   0.02315  0.007305
   441/499     1.42G   0.03056    0.0275  0.001734   0.05979        50       416    0.7542    0.5947    0.6378    0.3395   0.04089   0.02321  0.007102
   442/499     1.42G   0.03312   0.03243   0.00208   0.06763        95       416    0.7947    0.6515      0.67    0.3454   0.04125   0.02363  0.006183
   443/499     1.42G   0.03487   0.03315  0.002767   0.07079        60       416    0.7539    0.6623    0.6692    0.3572   0.04144   0.02386  0.005933
   444/499     1.42G   0.03688   0.03764  0.002633   0.07716        92       416    0.6848    0.7085    0.6632    0.3404   0.04235   0.02415  0.006077
   445/499     1.42G   0.03467   0.03221  0.003143   0.07003        86       416    0.7478    0.6121     0.639    0.3457   0.04151   0.02368  0.006456
   446/499     1.42G   0.03333   0.03302   0.00232   0.06867       113       416    0.7789    0.6346    0.6675    0.3539   0.04076   0.02341   0.00652
   447/499     1.42G   0.03333   0.03192  0.002624   0.06787        66       416    0.7614    0.6229    0.6571    0.3489   0.04141   0.02344  0.006399
   448/499     1.42G   0.03688   0.03523  0.002987   0.07509        98       416    0.7642    0.5802    0.6486    0.3453   0.04091   0.02349   0.00655
   449/499     1.42G   0.03261   0.02904   0.00266   0.06431        57       416    0.6261    0.6797    0.6124    0.3061   0.04229   0.02382  0.007653
   450/499     1.42G   0.03465   0.03294  0.002368   0.06996        98       416    0.6658    0.6385     0.599    0.3202   0.04146   0.02362  0.007891
   451/499     1.42G    0.0332   0.03268   0.00291   0.06878        90       416    0.6176     0.644    0.6007    0.3155   0.04188   0.02356  0.007836
   452/499     1.42G   0.03577   0.03169  0.003035   0.07049        82       416    0.6303    0.6892    0.6115    0.3224   0.04066   0.02313  0.007256
   453/499     1.42G   0.03433   0.03091  0.002602   0.06784        65       416    0.6744    0.6303     0.606    0.3134   0.04218   0.02312  0.006867
   454/499     1.42G   0.03673   0.03436  0.002526   0.07362       119       416    0.7354    0.6271    0.6282    0.3403    0.0405   0.02296  0.007276
   455/499     1.42G   0.03402   0.03447  0.002651   0.07114       107       416    0.7429    0.6268     0.627    0.3408   0.04098   0.02302  0.007333
   456/499     1.42G   0.03179   0.03131  0.002432   0.06554        94       416    0.7198    0.6342     0.644    0.3493   0.04078   0.02304  0.007153
   457/499     1.42G   0.03235   0.02733  0.002514   0.06219        38       416    0.6815    0.6585    0.6377     0.337   0.04053   0.02282  0.006715
   458/499     1.42G   0.03452   0.03638  0.002641   0.07354       101       416    0.5966    0.6183    0.6077    0.3139   0.04173   0.02329   0.00678
   459/499     1.42G   0.03335   0.03096  0.002847   0.06716        59       416    0.6459    0.6315    0.6391    0.3471   0.04075   0.02329   0.00668
   460/499     1.42G   0.03582    0.0338  0.003053   0.07268       106       416    0.7166    0.6054     0.639    0.3447   0.04213   0.02362  0.007452
   461/499     1.42G     0.035   0.03179  0.002507    0.0693       108       416    0.7717    0.6222    0.6301    0.3401   0.04225   0.02364  0.007944
   462/499     1.42G   0.03172   0.02905  0.002219   0.06299        66       416    0.7332    0.6076     0.616    0.3379   0.04168   0.02379   0.00746
   463/499     1.42G   0.03299   0.03403  0.003153   0.07017        70       416    0.6557    0.6395    0.6052    0.3303   0.04156   0.02376  0.007473
   464/499     1.42G   0.03471   0.03348  0.002067   0.07025        74       416    0.5477    0.6949    0.6038    0.3179   0.04114    0.0235  0.007792
   465/499     1.42G   0.03231   0.02981   0.00268    0.0648        67       416    0.7783    0.6218     0.653     0.352   0.04123   0.02336  0.007202
   466/499     1.42G   0.03274   0.03124  0.002414   0.06639        68       416    0.7373    0.6127    0.6464    0.3612   0.04086   0.02339  0.008333
   467/499     1.42G    0.0319   0.02868  0.002329   0.06291        59       416    0.7356    0.6092    0.6375    0.3562   0.04112   0.02357  0.009073
   468/499     1.42G   0.03305    0.0324  0.002475   0.06793        85       416    0.7227    0.6113    0.6441    0.3553    0.0412    0.0238  0.008845
   469/499     1.42G   0.03491   0.03145  0.002457   0.06881        80       416    0.7104    0.6232    0.6394    0.3526   0.04181   0.02387  0.007782
   470/499     1.42G   0.03145   0.02974  0.002066   0.06325        68       416    0.7429    0.5836    0.6226    0.3463   0.04109   0.02371  0.007463
   471/499     1.42G   0.03497   0.03106  0.002578   0.06861        68       416      0.73    0.5906     0.631    0.3369    0.0412   0.02369  0.007553
   472/499     1.42G   0.03413   0.02958  0.002466   0.06617        47       416    0.6508    0.6009    0.6164    0.3332   0.04076   0.02343  0.007961
   473/499     1.42G   0.03314   0.02992  0.003198   0.06626        63       416    0.5944    0.6658    0.6345    0.3342   0.04083   0.02314  0.007619
   474/499     1.42G   0.03469    0.0342   0.00286   0.07175        49       416    0.7777    0.5731    0.6332     0.328   0.04144    0.0231  0.007891
   475/499     1.42G   0.03333   0.03208  0.002685   0.06809        55       416    0.7213    0.5947     0.618    0.3263   0.04074   0.02298   0.00843
   476/499     1.42G   0.03387   0.03179    0.0025   0.06816        77       416     0.686    0.5732    0.6188     0.318   0.04133   0.02328  0.009133
   477/499     1.42G   0.03283   0.03185  0.002723   0.06741        86       416    0.7136    0.5697     0.628    0.3224   0.04219   0.02353  0.008719
   478/499     1.42G   0.03527   0.03392  0.003315   0.07251       104       416    0.7285    0.6265    0.6337    0.3293   0.04249   0.02379  0.007796
   479/499     1.42G   0.03417   0.03521  0.002372   0.07174        96       416    0.7136    0.5982    0.6122    0.3272   0.04145   0.02361  0.007769
   480/499     1.42G   0.03441   0.03277  0.002894   0.07007        85       416    0.7238    0.5732     0.605    0.3043   0.04157   0.02363  0.007477
   481/499     1.42G   0.03299   0.02912  0.002422   0.06452        40       416    0.6307    0.6194    0.5908    0.2978   0.04142   0.02368  0.007924
   482/499     1.42G   0.03247   0.02986  0.002975    0.0653        77       416     0.579    0.6404    0.5681    0.3017    0.0412   0.02356  0.009101
   483/499     1.42G   0.03487   0.03341  0.002664   0.07095       127       416    0.5937    0.6049    0.5703    0.2983   0.04074   0.02343  0.008858
   484/499     1.42G   0.03323    0.0288  0.002123   0.06416        81       416    0.6314    0.5977    0.5959    0.3069   0.04078   0.02339  0.008229
   485/499     1.42G   0.03539   0.03434  0.002367    0.0721        88       416    0.5084    0.6721    0.5755    0.2953   0.04155   0.02383  0.008642
   486/499     1.42G   0.03158   0.02908  0.002062   0.06273        76       416    0.5838    0.5833    0.5576    0.2744   0.04161   0.02398  0.009708
   487/499     1.42G   0.03219   0.03011  0.002164   0.06447        79       416    0.6018     0.603    0.5693    0.2915   0.04211   0.02387   0.00885
   488/499     1.42G   0.03105   0.02916  0.002682   0.06289        72       416    0.6601    0.6228    0.6015    0.3023   0.04139   0.02358  0.008037
   489/499     1.42G   0.03061   0.02791  0.001984    0.0605        56       416    0.6983    0.6123    0.6091    0.3255   0.04148   0.02302  0.008484
   490/499     1.42G   0.03133   0.02816  0.002385   0.06188        71       416     0.719    0.6158    0.6182     0.334   0.04092   0.02286  0.008843
   491/499     1.42G   0.03399   0.03776  0.002101   0.07385       128       416    0.7182    0.6053      0.62    0.3292   0.04152   0.02281  0.008354
   492/499     1.42G   0.03297   0.03141  0.001929    0.0663        67       416    0.7388    0.6292    0.6298     0.337   0.04157   0.02274  0.008042
   493/499     1.42G   0.03487   0.03528   0.00191   0.07207       135       416    0.6966    0.5838    0.6249    0.3324   0.04091    0.0226  0.008141
   494/499     1.42G   0.03519   0.03157  0.002323   0.06908        93       416    0.6739    0.5623    0.6244     0.333   0.04077   0.02258  0.008409
   495/499     1.42G   0.03022    0.0274  0.002081    0.0597        54       416    0.6616    0.5888    0.6305    0.3312   0.04044   0.02253  0.007893
   496/499     1.42G    0.0342   0.03267  0.002916   0.06979        75       416     0.723    0.6052    0.6427    0.3333   0.04118   0.02314  0.007388
   497/499     1.42G   0.03385   0.03016  0.003084   0.06709        47       416    0.7579    0.5607    0.6363    0.3474   0.04083   0.02304  0.008325
   498/499     1.42G   0.03057   0.02901  0.002302   0.06188       111       416    0.7202    0.5981     0.623    0.3404   0.04105    0.0231  0.008789
   499/499     1.42G   0.03244   0.03056  0.002158   0.06517        95       416    0.7252    0.6018    0.6153    0.3353   0.04123   0.02317  0.008897
